id_venda,id_cliente,id_produto,valor,data_venda,vendedor,estado,cidade
1,10001,1,260.73,2025-06-13,Vendedor_9,PR,Londrina
2,10002,3,266.64,2025-05-27,Vendedor_44,DF,Brasilia
3,10003,3,91.32,2025-05-16,Vendedor_49,PR,Londrina
4,10004,3,86.83,2025-08-31,Vendedor_26,SP,Sao Paulo
5,10005,6,82.77,2025-06-03,Vendedor_27,PR,Maringa
6,10006,6,242.54,2025-07-26,Vendedor_18,DF,Brasilia
7,10007,5,297.69,2025-07-17,Vendedor_24,BA,Feira de Santana
8,10008,1,251.55,2025-01-16,Vendedor_35,PR,Curitiba
9,10009,3,105.01,2025-06-21,Vendedor_24,GO,Aparecida de Goiania
10,10010,5,243.6,2025-06-24,Vendedor_20,PE,Olinda
11,10011,2,241.27,2025-07-08,Vendedor_43,SP,Campinas
12,10012,4,262.56,2025-08-27,Vendedor_44,RS,Pelotas
13,10013,2,121.88,2025-01-24,Vendedor_16,RJ,Niteroi
14,10014,1,246.51,2025-01-06,Vendedor_19,PE,Recife
15,10015,3,192.48,2025-03-20,Vendedor_9,SP,Sao Paulo
16,10016,3,168.36,2025-03-08,Vendedor_17,PE,Olinda
17,10017,5,122.28,2025-08-24,Vendedor_10,CE,Juazeiro do Norte
18,10018,3,280.96,2025-06-04,Vendedor_3,DF,Brasilia
19,10019,3,214.05,2025-04-20,Vendedor_48,GO,Anapolis
20,10020,3,281.24,2025-04-24,Vendedor_40,MG,Belo Horizonte
21,10021,4,158.15,2025-03-03,Vendedor_18,MG,Belo Horizonte
22,10022,4,147.82,2025-03-09,Vendedor_11,SP,Campinas
23,10023,6,152.13,2025-01-07,Vendedor_42,CE,Fortaleza
24,10024,1,172.02,2025-08-18,Vendedor_27,BA,Vitoria da Conquista
25,10025,1,164.34,2025-04-11,Vendedor_4,RJ,Rio de Janeiro
26,10026,6,154.64,2025-03-31,Vendedor_45,BA,Feira de Santana
27,10027,4,94.13,2025-01-07,Vendedor_50,DF,Brasilia
28,10028,4,205.06,2025-03-07,Vendedor_35,MG,Belo Horizonte
29,10029,2,273.26,2025-04-27,Vendedor_2,PR,Maringa
30,10030,1,102.34,2025-06-20,Vendedor_10,PE,Olinda
31,10031,5,172.27,2025-04-14,Vendedor_45,PE,Recife
32,10032,4,215.12,2025-02-25,Vendedor_20,RS,Pelotas
33,10033,6,181.25,2025-04-02,Vendedor_31,PE,Recife
34,10034,4,198.92,2025-08-09,Vendedor_44,RS,Pelotas
35,10035,3,124.22,2025-07-01,Vendedor_37,RJ,Volta Redonda
36,10036,1,287.17,2025-06-25,Vendedor_49,SP,Sao Paulo
37,10037,4,149.06,2025-02-11,Vendedor_17,GO,Anapolis
38,10038,6,145.79,2025-07-12,Vendedor_27,RS,Pelotas
39,10039,1,180.71,2025-01-18,Vendedor_5,PE,Olinda
40,10040,6,97.63,2025-01-19,Vendedor_18,RS,Pelotas
41,10041,3,295.6,2025-04-22,Vendedor_20,SP,Santos
42,10042,6,186.57,2025-06-22,Vendedor_5,RS,Pelotas
43,10043,1,177.13,2025-01-20,Vendedor_38,SP,Campinas
44,10044,1,291.76,2025-06-07,Vendedor_41,MG,Belo Horizonte
45,10045,1,178.36,2025-04-04,Vendedor_19,MG,Juiz de Fora
46,10046,1,262.72,2025-01-07,Vendedor_47,MG,Belo Horizonte
47,10047,5,99.01,2025-08-02,Vendedor_9,PE,Petrolina
48,10048,6,117.28,2025-01-23,Vendedor_18,RJ,Volta Redonda
49,10049,1,193.25,2025-08-15,Vendedor_37,SP,Santos
50,10050,5,291.75,2025-01-15,Vendedor_48,CE,Sobral
51,10051,4,237.73,2025-06-12,Vendedor_3,GO,Goiania
52,10052,4,117.89,2025-07-21,Vendedor_28,GO,Goiania
53,10053,5,289.04,2025-01-24,Vendedor_49,BA,Feira de Santana
54,10054,4,186.97,2025-08-18,Vendedor_3,SP,Santos
55,10055,2,218.18,2025-07-14,Vendedor_13,DF,Brasilia
56,10056,6,296.74,2025-02-18,Vendedor_12,RS,Porto Alegre
57,10057,3,230.78,2025-02-14,Vendedor_46,CE,Fortaleza
58,10058,3,192.75,2025-05-02,Vendedor_5,BA,Salvador
59,10059,3,265.92,2025-01-16,Vendedor_16,RS,Porto Alegre
60,10060,3,288.85,2025-07-01,Vendedor_43,RS,Caxias do Sul
61,10061,4,295.21,2025-06-05,Vendedor_19,PR,Maringa
62,10062,3,296.24,2025-08-06,Vendedor_9,DF,Brasilia
63,10063,1,176.03,2025-07-19,Vendedor_27,GO,Aparecida de Goiania
64,10064,5,245.71,2025-08-14,Vendedor_10,SP,Santos
65,10065,4,238.37,2025-02-23,Vendedor_25,MG,Belo Horizonte
66,10066,6,86.62,2025-03-31,Vendedor_45,CE,Sobral
67,10067,3,202.32,2025-07-18,Vendedor_12,PE,Olinda
68,10068,4,216.63,2025-06-13,Vendedor_9,GO,Anapolis
69,10069,3,108.04,2025-07-04,Vendedor_27,DF,Brasilia
70,10070,6,285.36,2025-06-29,Vendedor_38,GO,Goiania
71,10071,2,84.45,2025-01-31,Vendedor_26,RJ,Rio de Janeiro
72,10072,2,103.05,2025-01-30,Vendedor_33,BA,Vitoria da Conquista
73,10073,4,168.08,2025-06-16,Vendedor_28,PE,Olinda
74,10074,2,298.37,2025-05-07,Vendedor_17,CE,Fortaleza
75,10075,1,86.35,2025-08-25,Vendedor_46,GO,Aparecida de Goiania
76,10076,1,129.17,2025-01-23,Vendedor_19,MG,Uberlandia
77,10077,5,156.67,2025-05-03,Vendedor_25,RJ,Rio de Janeiro
78,10078,6,275.68,2025-02-21,Vendedor_40,PR,Curitiba
79,10079,2,263.26,2025-05-24,Vendedor_42,DF,Brasilia
80,10080,4,96.37,2025-05-08,Vendedor_46,RJ,Volta Redonda
81,10081,4,216.26,2025-08-06,Vendedor_23,MG,Belo Horizonte
82,10082,2,282.67,2025-01-21,Vendedor_19,CE,Fortaleza
83,10083,5,137.44,2025-01-13,Vendedor_16,PE,Petrolina
84,10084,3,187.12,2025-03-31,Vendedor_25,PR,Curitiba
85,10085,6,187.21,2025-03-14,Vendedor_17,PE,Recife
86,10086,3,280.35,2025-03-11,Vendedor_13,DF,Brasilia
87,10087,3,139.74,2025-07-07,Vendedor_9,SP,Sao Paulo
88,10088,5,158.59,2025-01-22,Vendedor_28,CE,Fortaleza
89,10089,2,279.41,2025-01-20,Vendedor_31,RS,Pelotas
90,10090,4,217.96,2025-08-04,Vendedor_7,RJ,Volta Redonda
91,10091,5,287.53,2025-03-30,Vendedor_7,CE,Sobral
92,10092,5,284.23,2025-04-07,Vendedor_46,SP,Campinas
93,10093,6,220.19,2025-02-11,Vendedor_36,MG,Belo Horizonte
94,10094,1,139.58,2025-03-01,Vendedor_9,RJ,Rio de Janeiro
95,10095,1,167.54,2025-07-30,Vendedor_19,RS,Caxias do Sul
96,10096,2,191.57,2025-06-16,Vendedor_12,DF,Brasilia
97,10097,4,105.04,2025-01-08,Vendedor_36,MG,Uberlandia
98,10098,3,134.02,2025-01-12,Vendedor_27,MG,Uberlandia
99,10099,3,176.19,2025-07-08,Vendedor_34,DF,Brasilia
100,10100,3,257.16,2025-01-28,Vendedor_26,DF,Brasilia
101,10101,3,157.79,2025-08-11,Vendedor_38,PR,Curitiba
102,10102,2,125.43,2025-06-20,Vendedor_22,MG,Uberlandia
103,10103,2,267.56,2025-05-24,Vendedor_21,GO,Aparecida de Goiania
104,10104,1,270.42,2025-08-17,Vendedor_7,CE,Juazeiro do Norte
105,10105,3,121.24,2025-01-30,Vendedor_38,BA,Vitoria da Conquista
106,10106,3,170.1,2025-06-24,Vendedor_7,CE,Juazeiro do Norte
107,10107,4,116.69,2025-02-23,Vendedor_31,PR,Maringa
108,10108,3,272.45,2025-03-11,Vendedor_37,PE,Recife
109,10109,6,113.51,2025-05-02,Vendedor_44,BA,Salvador
110,10110,2,272.57,2025-02-14,Vendedor_14,GO,Aparecida de Goiania
111,10111,1,114.57,2025-07-04,Vendedor_32,RJ,Volta Redonda
112,10112,5,96.33,2025-01-25,Vendedor_26,SP,Campinas
113,10113,6,93.14,2025-02-25,Vendedor_8,SP,Santos
114,10114,3,237.59,2025-03-24,Vendedor_14,DF,Brasilia
115,10115,3,263.89,2025-07-08,Vendedor_15,DF,Brasilia
116,10116,5,176.42,2025-01-30,Vendedor_17,GO,Goiania
117,10117,6,266.29,2025-02-11,Vendedor_18,RJ,Rio de Janeiro
118,10118,6,119.18,2025-06-14,Vendedor_48,SP,Sao Paulo
119,10119,5,152.37,2025-05-31,Vendedor_26,CE,Juazeiro do Norte
120,10120,4,258.14,2025-04-02,Vendedor_16,PE,Olinda
121,10121,6,110.32,2025-01-26,Vendedor_38,RJ,Niteroi
122,10122,2,181.44,2025-01-02,Vendedor_38,PE,Petrolina
123,10123,3,109.03,2025-03-09,Vendedor_5,RJ,Volta Redonda
124,10124,5,132.68,2025-07-31,Vendedor_37,RJ,Niteroi
125,10125,1,217.77,2025-08-20,Vendedor_18,RS,Pelotas
126,10126,5,236.06,2025-04-16,Vendedor_40,PR,Londrina
127,10127,6,135.77,2025-06-16,Vendedor_32,DF,Brasilia
128,10128,5,233.05,2025-02-09,Vendedor_15,PE,Olinda
129,10129,2,293.74,2025-04-27,Vendedor_26,PE,Petrolina
130,10130,3,123.0,2025-08-19,Vendedor_42,PR,Curitiba
131,10131,6,88.74,2025-06-13,Vendedor_3,SP,Santos
132,10132,5,167.1,2025-05-30,Vendedor_50,PE,Olinda
133,10133,5,199.06,2025-03-12,Vendedor_1,DF,Brasilia
134,10134,3,133.37,2025-01-24,Vendedor_17,BA,Feira de Santana
135,10135,2,149.56,2025-05-25,Vendedor_10,BA,Salvador
136,10136,3,83.11,2025-01-31,Vendedor_15,DF,Brasilia
137,10137,2,177.33,2025-03-30,Vendedor_38,RS,Pelotas
138,10138,4,235.48,2025-06-13,Vendedor_45,RJ,Niteroi
139,10139,3,283.14,2025-01-05,Vendedor_3,RJ,Rio de Janeiro
140,10140,4,216.77,2025-07-31,Vendedor_44,PR,Maringa
141,10141,2,224.63,2025-06-19,Vendedor_17,BA,Vitoria da Conquista
142,10142,5,270.11,2025-03-22,Vendedor_5,GO,Aparecida de Goiania
143,10143,1,290.01,2025-03-26,Vendedor_49,PE,Olinda
144,10144,2,152.34,2025-08-02,Vendedor_30,SP,Campinas
145,10145,5,227.31,2025-01-31,Vendedor_45,BA,Salvador
146,10146,1,183.22,2025-06-11,Vendedor_48,CE,Fortaleza
147,10147,4,230.91,2025-01-28,Vendedor_20,RS,Pelotas
148,10148,5,190.35,2025-07-16,Vendedor_17,CE,Fortaleza
149,10149,3,86.27,2025-04-22,Vendedor_10,RJ,Niteroi
150,10150,3,228.58,2025-06-02,Vendedor_5,RS,Caxias do Sul
151,10151,3,204.57,2025-08-26,Vendedor_6,BA,Feira de Santana
152,10152,5,199.18,2025-03-04,Vendedor_27,RS,Caxias do Sul
153,10153,2,283.32,2025-02-06,Vendedor_41,GO,Goiania
154,10154,6,246.84,2025-01-24,Vendedor_23,RJ,Niteroi
155,10155,4,91.61,2025-07-07,Vendedor_31,MG,Uberlandia
156,10156,5,204.3,2025-01-08,Vendedor_17,PE,Recife
157,10157,1,150.03,2025-05-03,Vendedor_47,BA,Feira de Santana
158,10158,6,136.08,2025-04-07,Vendedor_6,PE,Petrolina
159,10159,5,277.6,2025-03-11,Vendedor_38,GO,Goiania
160,10160,5,287.53,2025-02-16,Vendedor_39,GO,Anapolis
161,10161,6,90.3,2025-07-02,Vendedor_1,BA,Salvador
162,10162,4,132.52,2025-05-03,Vendedor_44,MG,Uberlandia
163,10163,2,256.72,2025-01-14,Vendedor_37,PE,Petrolina
164,10164,2,245.65,2025-04-30,Vendedor_12,MG,Uberlandia
165,10165,2,121.61,2025-08-13,Vendedor_5,RS,Pelotas
166,10166,2,162.63,2025-04-19,Vendedor_3,PE,Petrolina
167,10167,4,218.87,2025-05-14,Vendedor_39,PE,Petrolina
168,10168,1,278.95,2025-03-23,Vendedor_3,DF,Brasilia
169,10169,5,132.66,2025-05-22,Vendedor_4,PE,Recife
170,10170,3,242.24,2025-02-16,Vendedor_5,PE,Petrolina
171,10171,2,107.94,2025-06-08,Vendedor_42,SP,Santos
172,10172,4,203.97,2025-05-26,Vendedor_23,MG,Juiz de Fora
173,10173,5,230.88,2025-03-01,Vendedor_36,SP,Sao Paulo
174,10174,2,295.44,2025-06-17,Vendedor_40,CE,Sobral
175,10175,6,112.75,2025-06-10,Vendedor_9,RJ,Volta Redonda
176,10176,2,125.09,2025-02-21,Vendedor_44,PE,Olinda
177,10177,6,214.49,2025-08-27,Vendedor_16,DF,Brasilia
178,10178,6,299.75,2025-04-25,Vendedor_31,CE,Sobral
179,10179,6,210.85,2025-03-28,Vendedor_20,RS,Porto Alegre
180,10180,5,195.37,2025-01-24,Vendedor_32,DF,Brasilia
181,10181,4,255.34,2025-06-14,Vendedor_29,CE,Juazeiro do Norte
182,10182,2,229.93,2025-07-30,Vendedor_42,RS,Porto Alegre
183,10183,1,136.89,2025-08-15,Vendedor_50,MG,Uberlandia
184,10184,5,167.65,2025-05-06,Vendedor_48,BA,Vitoria da Conquista
185,10185,5,230.55,2025-08-21,Vendedor_10,MG,Juiz de Fora
186,10186,4,253.84,2025-08-28,Vendedor_49,CE,Sobral
187,10187,4,271.24,2025-03-29,Vendedor_37,PE,Petrolina
188,10188,6,176.32,2025-01-20,Vendedor_26,SP,Sao Paulo
189,10189,2,176.99,2025-06-09,Vendedor_6,GO,Aparecida de Goiania
190,10190,5,172.59,2025-04-22,Vendedor_10,GO,Anapolis
191,10191,5,155.95,2025-05-25,Vendedor_18,RS,Pelotas
192,10192,5,288.9,2025-04-06,Vendedor_49,RJ,Rio de Janeiro
193,10193,5,98.78,2025-04-02,Vendedor_15,PE,Recife
194,10194,4,84.4,2025-07-29,Vendedor_21,DF,Brasilia
195,10195,4,266.6,2025-08-06,Vendedor_48,BA,Vitoria da Conquista
196,10196,4,130.59,2025-05-16,Vendedor_12,CE,Sobral
197,10197,6,92.98,2025-03-30,Vendedor_14,BA,Vitoria da Conquista
198,10198,5,119.5,2025-04-07,Vendedor_34,RS,Porto Alegre
199,10199,5,122.91,2025-08-31,Vendedor_22,DF,Brasilia
200,10200,6,194.83,2025-08-09,Vendedor_25,CE,Fortaleza
201,10201,6,84.16,2025-06-14,Vendedor_33,GO,Anapolis
202,10202,5,126.24,2025-01-20,Vendedor_36,GO,Aparecida de Goiania
203,10203,1,154.11,2025-05-20,Vendedor_1,MG,Belo Horizonte
204,10204,4,135.97,2025-04-18,Vendedor_6,PR,Maringa
205,10205,6,241.76,2025-02-03,Vendedor_20,DF,Brasilia
206,10206,4,83.34,2025-05-27,Vendedor_6,SP,Santos
207,10207,3,201.39,2025-03-06,Vendedor_27,PR,Londrina
208,10208,3,208.7,2025-04-26,Vendedor_11,CE,Juazeiro do Norte
209,10209,4,228.09,2025-05-20,Vendedor_24,SP,Sao Paulo
210,10210,3,260.38,2025-04-14,Vendedor_45,DF,Brasilia
211,10211,1,176.14,2025-07-06,Vendedor_41,SP,Campinas
212,10212,6,93.49,2025-07-26,Vendedor_20,PR,Curitiba
213,10213,2,190.4,2025-04-06,Vendedor_23,SP,Santos
214,10214,4,242.71,2025-06-16,Vendedor_5,PR,Curitiba
215,10215,6,101.26,2025-02-05,Vendedor_49,RJ,Niteroi
216,10216,6,249.69,2025-04-11,Vendedor_31,RJ,Rio de Janeiro
217,10217,5,114.14,2025-04-27,Vendedor_3,GO,Aparecida de Goiania
218,10218,6,267.34,2025-04-02,Vendedor_31,PR,Maringa
219,10219,1,86.64,2025-06-14,Vendedor_29,BA,Vitoria da Conquista
220,10220,3,174.92,2025-06-05,Vendedor_34,RS,Porto Alegre
221,10221,1,123.79,2025-02-02,Vendedor_31,GO,Aparecida de Goiania
222,10222,6,190.51,2025-04-01,Vendedor_13,GO,Anapolis
223,10223,1,221.44,2025-06-21,Vendedor_44,GO,Goiania
224,10224,4,213.44,2025-01-23,Vendedor_47,PE,Recife
225,10225,1,220.19,2025-06-29,Vendedor_46,RJ,Volta Redonda
226,10226,1,294.74,2025-04-18,Vendedor_23,RJ,Niteroi
227,10227,3,139.61,2025-06-30,Vendedor_11,PR,Curitiba
228,10228,1,102.77,2025-05-06,Vendedor_25,MG,Belo Horizonte
229,10229,2,265.78,2025-08-13,Vendedor_30,GO,Goiania
230,10230,2,293.58,2025-03-14,Vendedor_17,PR,Maringa
231,10231,1,205.68,2025-01-26,Vendedor_48,MG,Uberlandia
232,10232,3,286.86,2025-02-24,Vendedor_21,PE,Recife
233,10233,3,268.31,2025-03-06,Vendedor_2,MG,Uberlandia
234,10234,6,266.41,2025-04-22,Vendedor_16,SP,Santos
235,10235,4,276.41,2025-08-30,Vendedor_22,DF,Brasilia
236,10236,6,211.78,2025-02-09,Vendedor_17,PE,Petrolina
237,10237,2,138.57,2025-04-01,Vendedor_41,MG,Uberlandia
238,10238,5,87.54,2025-06-01,Vendedor_35,BA,Feira de Santana
239,10239,6,206.0,2025-03-05,Vendedor_2,CE,Sobral
240,10240,5,292.37,2025-06-11,Vendedor_25,PR,Londrina
241,10241,2,147.12,2025-05-31,Vendedor_26,RJ,Niteroi
242,10242,2,222.78,2025-08-22,Vendedor_44,RJ,Rio de Janeiro
243,10243,3,122.08,2025-07-10,Vendedor_31,MG,Uberlandia
244,10244,2,89.91,2025-08-13,Vendedor_33,CE,Sobral
245,10245,6,135.64,2025-08-02,Vendedor_18,DF,Brasilia
246,10246,3,254.39,2025-05-26,Vendedor_50,DF,Brasilia
247,10247,6,290.81,2025-07-04,Vendedor_49,GO,Aparecida de Goiania
248,10248,3,130.23,2025-01-22,Vendedor_24,DF,Brasilia
249,10249,5,173.22,2025-03-17,Vendedor_14,DF,Brasilia
250,10250,4,112.24,2025-08-29,Vendedor_24,CE,Sobral
251,10251,2,257.35,2025-01-04,Vendedor_43,GO,Anapolis
252,10252,4,185.69,2025-01-06,Vendedor_40,MG,Uberlandia
253,10253,1,256.28,2025-01-02,Vendedor_5,PE,Recife
254,10254,5,241.04,2025-05-18,Vendedor_26,CE,Fortaleza
255,10255,2,170.81,2025-03-28,Vendedor_2,DF,Brasilia
256,10256,6,142.78,2025-02-11,Vendedor_12,DF,Brasilia
257,10257,2,91.71,2025-02-22,Vendedor_35,MG,Uberlandia
258,10258,4,288.1,2025-03-24,Vendedor_43,RS,Caxias do Sul
259,10259,1,115.68,2025-08-04,Vendedor_35,DF,Brasilia
260,10260,3,99.83,2025-03-27,Vendedor_29,MG,Uberlandia
261,10261,4,234.86,2025-07-25,Vendedor_32,GO,Goiania
262,10262,5,221.46,2025-06-18,Vendedor_30,PE,Petrolina
263,10263,1,215.37,2025-06-28,Vendedor_16,SP,Santos
264,10264,4,284.11,2025-03-31,Vendedor_38,DF,Brasilia
265,10265,2,282.08,2025-03-27,Vendedor_2,GO,Goiania
266,10266,4,238.63,2025-01-23,Vendedor_49,SP,Campinas
267,10267,5,155.58,2025-03-06,Vendedor_46,BA,Feira de Santana
268,10268,5,95.98,2025-08-19,Vendedor_18,BA,Salvador
269,10269,5,255.48,2025-04-07,Vendedor_9,PR,Maringa
270,10270,4,181.91,2025-03-31,Vendedor_1,PE,Recife
271,10271,5,238.03,2025-08-07,Vendedor_22,MG,Juiz de Fora
272,10272,6,151.69,2025-02-21,Vendedor_21,SP,Sao Paulo
273,10273,3,91.8,2025-06-28,Vendedor_18,SP,Sao Paulo
274,10274,5,151.66,2025-06-09,Vendedor_27,BA,Vitoria da Conquista
275,10275,1,97.31,2025-02-25,Vendedor_44,RS,Caxias do Sul
276,10276,2,218.4,2025-02-04,Vendedor_17,PR,Curitiba
277,10277,4,179.39,2025-08-04,Vendedor_10,SP,Sao Paulo
278,10278,4,247.11,2025-07-23,Vendedor_31,PR,Londrina
279,10279,5,160.29,2025-01-12,Vendedor_26,PE,Petrolina
280,10280,4,240.47,2025-06-13,Vendedor_4,CE,Fortaleza
281,10281,4,148.06,2025-02-27,Vendedor_16,PR,Londrina
282,10282,1,167.61,2025-03-11,Vendedor_11,GO,Anapolis
283,10283,4,157.39,2025-06-17,Vendedor_1,SP,Campinas
284,10284,2,116.35,2025-06-22,Vendedor_35,SP,Santos
285,10285,4,159.89,2025-02-11,Vendedor_15,PR,Curitiba
286,10286,1,202.9,2025-02-01,Vendedor_32,PR,Curitiba
287,10287,6,126.35,2025-03-29,Vendedor_45,BA,Feira de Santana
288,10288,3,225.33,2025-07-08,Vendedor_10,PE,Olinda
289,10289,3,107.15,2025-06-17,Vendedor_6,DF,Brasilia
290,10290,4,177.24,2025-08-23,Vendedor_23,RJ,Niteroi
291,10291,1,106.44,2025-04-01,Vendedor_26,SP,Santos
292,10292,3,215.01,2025-07-14,Vendedor_5,RS,Porto Alegre
293,10293,1,184.61,2025-07-01,Vendedor_24,GO,Anapolis
294,10294,3,259.37,2025-08-12,Vendedor_13,BA,Salvador
295,10295,6,171.85,2025-04-30,Vendedor_14,RS,Pelotas
296,10296,1,198.05,2025-01-24,Vendedor_19,MG,Juiz de Fora
297,10297,4,229.59,2025-07-18,Vendedor_2,BA,Feira de Santana
298,10298,3,83.6,2025-04-06,Vendedor_46,GO,Goiania
299,10299,5,283.69,2025-04-02,Vendedor_49,PR,Londrina
300,10300,4,199.03,2025-04-28,Vendedor_26,SP,Sao Paulo
301,10301,4,293.38,2025-04-30,Vendedor_43,RS,Porto Alegre
302,10302,1,107.07,2025-07-20,Vendedor_31,RS,Caxias do Sul
303,10303,4,158.46,2025-03-14,Vendedor_31,CE,Sobral
304,10304,3,104.06,2025-03-09,Vendedor_20,SP,Sao Paulo
305,10305,4,164.67,2025-06-15,Vendedor_27,GO,Goiania
306,10306,4,99.49,2025-02-05,Vendedor_40,BA,Feira de Santana
307,10307,6,118.67,2025-01-03,Vendedor_19,PR,Curitiba
308,10308,1,104.72,2025-08-09,Vendedor_28,RJ,Niteroi
309,10309,4,207.72,2025-05-15,Vendedor_43,GO,Anapolis
310,10310,2,210.14,2025-02-10,Vendedor_46,RJ,Volta Redonda
311,10311,2,238.25,2025-03-12,Vendedor_14,PE,Olinda
312,10312,3,234.69,2025-03-15,Vendedor_41,SP,Santos
313,10313,1,242.41,2025-01-04,Vendedor_6,PR,Curitiba
314,10314,3,281.05,2025-03-31,Vendedor_12,GO,Anapolis
315,10315,4,117.43,2025-03-04,Vendedor_7,BA,Feira de Santana
316,10316,1,266.9,2025-03-09,Vendedor_16,CE,Fortaleza
317,10317,5,270.54,2025-06-02,Vendedor_39,CE,Fortaleza
318,10318,1,179.75,2025-07-24,Vendedor_19,BA,Salvador
319,10319,4,105.59,2025-07-01,Vendedor_35,PE,Recife
320,10320,2,92.51,2025-03-30,Vendedor_31,CE,Juazeiro do Norte
321,10321,4,220.68,2025-08-07,Vendedor_38,SP,Santos
322,10322,2,190.36,2025-07-13,Vendedor_8,CE,Sobral
323,10323,1,249.8,2025-06-04,Vendedor_42,RS,Pelotas
324,10324,4,262.12,2025-03-07,Vendedor_46,CE,Fortaleza
325,10325,3,98.25,2025-08-19,Vendedor_10,BA,Salvador
326,10326,1,150.44,2025-03-19,Vendedor_17,CE,Fortaleza
327,10327,4,173.42,2025-02-10,Vendedor_38,RJ,Volta Redonda
328,10328,6,180.8,2025-04-29,Vendedor_30,SP,Sao Paulo
329,10329,1,85.3,2025-08-24,Vendedor_20,CE,Juazeiro do Norte
330,10330,1,169.29,2025-04-08,Vendedor_37,SP,Santos
331,10331,6,158.69,2025-01-22,Vendedor_27,GO,Anapolis
332,10332,4,90.86,2025-04-09,Vendedor_28,BA,Salvador
333,10333,6,127.94,2025-07-29,Vendedor_46,CE,Fortaleza
334,10334,1,228.48,2025-07-29,Vendedor_2,CE,Fortaleza
335,10335,5,153.56,2025-03-11,Vendedor_24,PR,Maringa
336,10336,4,256.27,2025-01-14,Vendedor_47,SP,Campinas
337,10337,5,129.12,2025-02-14,Vendedor_31,SP,Campinas
338,10338,2,191.42,2025-02-23,Vendedor_2,PR,Maringa
339,10339,1,259.75,2025-03-12,Vendedor_28,PE,Petrolina
340,10340,2,186.38,2025-03-31,Vendedor_37,PE,Olinda
341,10341,2,299.75,2025-04-29,Vendedor_32,GO,Aparecida de Goiania
342,10342,2,197.9,2025-06-03,Vendedor_7,MG,Juiz de Fora
343,10343,1,123.94,2025-02-11,Vendedor_10,GO,Aparecida de Goiania
344,10344,2,242.31,2025-01-21,Vendedor_4,GO,Goiania
345,10345,6,212.56,2025-01-20,Vendedor_19,DF,Brasilia
346,10346,6,217.17,2025-03-03,Vendedor_13,GO,Goiania
347,10347,2,157.48,2025-07-09,Vendedor_31,PR,Curitiba
348,10348,6,137.99,2025-07-16,Vendedor_36,GO,Anapolis
349,10349,4,127.19,2025-05-10,Vendedor_31,PR,Maringa
350,10350,2,96.84,2025-07-08,Vendedor_23,MG,Belo Horizonte
351,10351,6,154.01,2025-02-02,Vendedor_31,DF,Brasilia
352,10352,3,97.05,2025-06-02,Vendedor_16,PE,Olinda
353,10353,1,175.37,2025-05-29,Vendedor_22,SP,Sao Paulo
354,10354,4,125.19,2025-02-04,Vendedor_9,RJ,Niteroi
355,10355,5,245.78,2025-06-19,Vendedor_21,RS,Pelotas
356,10356,3,160.15,2025-07-11,Vendedor_50,SP,Santos
357,10357,6,203.39,2025-03-15,Vendedor_1,RJ,Volta Redonda
358,10358,6,250.51,2025-03-15,Vendedor_46,PE,Recife
359,10359,5,151.98,2025-06-23,Vendedor_15,PE,Olinda
360,10360,3,143.7,2025-05-25,Vendedor_7,CE,Sobral
361,10361,4,102.82,2025-03-04,Vendedor_46,CE,Juazeiro do Norte
362,10362,3,84.08,2025-02-05,Vendedor_27,DF,Brasilia
363,10363,1,200.21,2025-04-24,Vendedor_33,RS,Caxias do Sul
364,10364,1,204.26,2025-03-28,Vendedor_18,PR,Londrina
365,10365,1,164.07,2025-02-10,Vendedor_6,PE,Petrolina
366,10366,3,150.42,2025-01-08,Vendedor_24,DF,Brasilia
367,10367,4,293.87,2025-07-02,Vendedor_26,RJ,Volta Redonda
368,10368,6,96.1,2025-07-09,Vendedor_8,RS,Pelotas
369,10369,2,122.59,2025-03-13,Vendedor_40,RJ,Volta Redonda
370,10370,4,245.95,2025-06-07,Vendedor_7,PR,Maringa
371,10371,4,126.45,2025-06-03,Vendedor_34,PE,Petrolina
372,10372,5,236.49,2025-01-05,Vendedor_30,PR,Maringa
373,10373,6,286.25,2025-05-20,Vendedor_21,PE,Petrolina
374,10374,4,239.12,2025-08-13,Vendedor_12,MG,Belo Horizonte
375,10375,2,256.82,2025-08-03,Vendedor_15,MG,Uberlandia
376,10376,3,253.21,2025-02-16,Vendedor_20,CE,Juazeiro do Norte
377,10377,3,168.74,2025-06-04,Vendedor_34,RS,Porto Alegre
378,10378,2,114.67,2025-01-15,Vendedor_44,RS,Pelotas
379,10379,3,125.63,2025-06-26,Vendedor_12,MG,Juiz de Fora
380,10380,1,285.41,2025-03-22,Vendedor_6,RJ,Rio de Janeiro
381,10381,3,97.54,2025-04-10,Vendedor_41,PE,Olinda
382,10382,1,162.37,2025-03-17,Vendedor_35,MG,Belo Horizonte
383,10383,2,217.48,2025-02-15,Vendedor_28,RS,Pelotas
384,10384,2,118.18,2025-04-22,Vendedor_25,MG,Uberlandia
385,10385,4,110.28,2025-06-26,Vendedor_39,PR,Curitiba
386,10386,3,216.0,2025-08-24,Vendedor_5,RS,Caxias do Sul
387,10387,5,271.81,2025-05-04,Vendedor_24,PR,Maringa
388,10388,6,282.33,2025-05-21,Vendedor_29,SP,Santos
389,10389,3,230.52,2025-02-02,Vendedor_29,RS,Pelotas
390,10390,4,237.23,2025-08-29,Vendedor_12,BA,Salvador
391,10391,3,286.32,2025-02-10,Vendedor_8,DF,Brasilia
392,10392,5,165.43,2025-04-20,Vendedor_47,BA,Vitoria da Conquista
393,10393,3,294.31,2025-01-02,Vendedor_46,BA,Feira de Santana
394,10394,5,147.08,2025-01-10,Vendedor_48,MG,Uberlandia
395,10395,5,159.86,2025-04-08,Vendedor_2,SP,Sao Paulo
396,10396,4,247.2,2025-08-06,Vendedor_40,MG,Belo Horizonte
397,10397,5,237.17,2025-05-14,Vendedor_46,GO,Goiania
398,10398,2,161.4,2025-05-25,Vendedor_48,PE,Olinda
399,10399,5,90.44,2025-04-11,Vendedor_50,GO,Goiania
400,10400,2,219.46,2025-06-18,Vendedor_31,SP,Sao Paulo
401,10401,2,212.55,2025-04-17,Vendedor_2,RJ,Niteroi
402,10402,1,274.31,2025-05-25,Vendedor_49,SP,Sao Paulo
403,10403,1,145.64,2025-08-09,Vendedor_17,PR,Maringa
404,10404,2,280.52,2025-07-03,Vendedor_21,DF,Brasilia
405,10405,5,205.92,2025-06-20,Vendedor_41,RS,Caxias do Sul
406,10406,5,127.57,2025-02-25,Vendedor_12,SP,Sao Paulo
407,10407,5,166.28,2025-05-05,Vendedor_47,BA,Feira de Santana
408,10408,1,124.17,2025-06-04,Vendedor_40,PR,Maringa
409,10409,1,181.33,2025-07-18,Vendedor_3,DF,Brasilia
410,10410,6,183.88,2025-08-04,Vendedor_3,BA,Feira de Santana
411,10411,2,254.31,2025-04-03,Vendedor_25,RJ,Volta Redonda
412,10412,5,243.33,2025-01-08,Vendedor_24,RJ,Rio de Janeiro
413,10413,3,207.93,2025-08-18,Vendedor_40,BA,Vitoria da Conquista
414,10414,2,200.21,2025-03-13,Vendedor_31,PR,Maringa
415,10415,6,231.7,2025-01-16,Vendedor_3,CE,Sobral
416,10416,4,112.49,2025-03-15,Vendedor_10,GO,Aparecida de Goiania
417,10417,6,208.8,2025-01-04,Vendedor_28,PR,Londrina
418,10418,2,280.18,2025-06-01,Vendedor_33,RJ,Niteroi
419,10419,6,147.18,2025-06-15,Vendedor_22,MG,Juiz de Fora
420,10420,1,85.08,2025-03-07,Vendedor_17,GO,Goiania
421,10421,2,80.89,2025-07-18,Vendedor_41,CE,Juazeiro do Norte
422,10422,6,87.07,2025-01-03,Vendedor_4,GO,Aparecida de Goiania
423,10423,5,244.08,2025-05-27,Vendedor_18,SP,Santos
424,10424,6,270.35,2025-01-09,Vendedor_22,CE,Juazeiro do Norte
425,10425,1,80.7,2025-06-10,Vendedor_5,CE,Fortaleza
426,10426,1,232.52,2025-04-18,Vendedor_16,SP,Santos
427,10427,6,146.26,2025-06-06,Vendedor_12,MG,Belo Horizonte
428,10428,3,165.75,2025-06-07,Vendedor_42,SP,Santos
429,10429,5,282.88,2025-06-28,Vendedor_34,CE,Sobral
430,10430,5,231.05,2025-04-06,Vendedor_41,DF,Brasilia
431,10431,4,197.63,2025-04-28,Vendedor_5,CE,Fortaleza
432,10432,3,187.02,2025-05-27,Vendedor_3,CE,Juazeiro do Norte
433,10433,6,203.34,2025-03-09,Vendedor_32,RJ,Rio de Janeiro
434,10434,3,131.17,2025-08-01,Vendedor_44,SP,Sao Paulo
435,10435,4,230.43,2025-05-27,Vendedor_1,BA,Vitoria da Conquista
436,10436,2,106.09,2025-05-07,Vendedor_2,DF,Brasilia
437,10437,4,255.0,2025-05-31,Vendedor_45,SP,Campinas
438,10438,4,134.16,2025-08-20,Vendedor_35,RS,Porto Alegre
439,10439,5,79.9,2025-07-10,Vendedor_8,MG,Uberlandia
440,10440,5,243.48,2025-08-26,Vendedor_3,DF,Brasilia
441,10441,2,262.58,2025-01-31,Vendedor_24,RJ,Niteroi
442,10442,3,246.43,2025-08-23,Vendedor_37,RJ,Niteroi
443,10443,5,143.55,2025-05-04,Vendedor_24,RS,Porto Alegre
444,10444,3,115.52,2025-01-12,Vendedor_23,PR,Maringa
445,10445,2,83.71,2025-03-08,Vendedor_22,SP,Campinas
446,10446,2,97.28,2025-05-08,Vendedor_2,DF,Brasilia
447,10447,5,164.27,2025-02-12,Vendedor_13,RS,Pelotas
448,10448,1,142.49,2025-06-19,Vendedor_9,MG,Juiz de Fora
449,10449,6,282.76,2025-02-20,Vendedor_23,RS,Porto Alegre
450,10450,6,130.04,2025-03-25,Vendedor_25,CE,Fortaleza
451,10451,6,194.57,2025-08-29,Vendedor_22,PR,Curitiba
452,10452,4,290.7,2025-03-31,Vendedor_41,PR,Curitiba
453,10453,3,175.46,2025-06-15,Vendedor_47,SP,Santos
454,10454,4,278.01,2025-05-14,Vendedor_34,BA,Vitoria da Conquista
455,10455,2,251.13,2025-02-23,Vendedor_20,RJ,Rio de Janeiro
456,10456,1,154.22,2025-06-25,Vendedor_41,PR,Maringa
457,10457,3,228.58,2025-01-09,Vendedor_17,PR,Curitiba
458,10458,1,144.64,2025-02-25,Vendedor_40,MG,Juiz de Fora
459,10459,3,147.78,2025-02-03,Vendedor_28,BA,Vitoria da Conquista
460,10460,6,231.56,2025-06-02,Vendedor_41,SP,Sao Paulo
461,10461,4,199.27,2025-06-05,Vendedor_15,BA,Salvador
462,10462,3,81.48,2025-06-12,Vendedor_14,PE,Petrolina
463,10463,1,260.38,2025-04-22,Vendedor_9,PR,Maringa
464,10464,1,102.31,2025-07-20,Vendedor_6,BA,Salvador
465,10465,2,220.13,2025-05-04,Vendedor_22,PE,Petrolina
466,10466,3,219.74,2025-03-23,Vendedor_1,MG,Uberlandia
467,10467,6,137.21,2025-01-28,Vendedor_38,MG,Uberlandia
468,10468,4,81.17,2025-07-01,Vendedor_32,PE,Olinda
469,10469,5,232.26,2025-01-12,Vendedor_25,RJ,Rio de Janeiro
470,10470,3,297.8,2025-08-02,Vendedor_27,SP,Sao Paulo
471,10471,5,201.52,2025-05-08,Vendedor_15,PE,Olinda
472,10472,5,277.05,2025-02-11,Vendedor_33,GO,Aparecida de Goiania
473,10473,6,252.86,2025-01-25,Vendedor_44,SP,Santos
474,10474,6,180.93,2025-06-11,Vendedor_50,PE,Recife
475,10475,2,199.36,2025-06-19,Vendedor_31,BA,Salvador
476,10476,3,229.59,2025-08-09,Vendedor_5,GO,Goiania
477,10477,5,247.84,2025-02-19,Vendedor_50,PR,Londrina
478,10478,2,123.7,2025-07-11,Vendedor_44,RJ,Niteroi
479,10479,6,159.7,2025-05-17,Vendedor_33,RS,Caxias do Sul
480,10480,6,231.22,2025-04-03,Vendedor_44,PR,Curitiba
481,10481,2,174.05,2025-05-04,Vendedor_41,PE,Olinda
482,10482,6,200.82,2025-03-07,Vendedor_15,MG,Juiz de Fora
483,10483,5,239.65,2025-08-01,Vendedor_29,CE,Juazeiro do Norte
484,10484,6,95.82,2025-06-28,Vendedor_36,SP,Sao Paulo
485,10485,4,288.84,2025-01-28,Vendedor_14,MG,Uberlandia
486,10486,4,248.96,2025-07-16,Vendedor_20,DF,Brasilia
487,10487,6,150.19,2025-06-03,Vendedor_29,GO,Anapolis
488,10488,5,285.2,2025-03-06,Vendedor_7,PE,Petrolina
489,10489,6,145.27,2025-02-17,Vendedor_3,CE,Juazeiro do Norte
490,10490,1,298.07,2025-03-25,Vendedor_10,DF,Brasilia
491,10491,3,184.38,2025-01-21,Vendedor_23,RJ,Niteroi
492,10492,5,180.28,2025-05-10,Vendedor_36,RS,Porto Alegre
493,10493,3,206.4,2025-05-21,Vendedor_25,CE,Sobral
494,10494,1,285.64,2025-08-29,Vendedor_32,DF,Brasilia
495,10495,4,296.2,2025-04-02,Vendedor_45,SP,Santos
496,10496,2,128.72,2025-04-19,Vendedor_16,BA,Feira de Santana
497,10497,6,130.46,2025-07-27,Vendedor_12,MG,Juiz de Fora
498,10498,5,168.41,2025-05-06,Vendedor_19,SP,Sao Paulo
499,10499,4,262.2,2025-02-27,Vendedor_8,BA,Vitoria da Conquista
500,10500,3,218.72,2025-03-07,Vendedor_42,GO,Anapolis
501,10501,2,110.9,2025-05-25,Vendedor_2,CE,Juazeiro do Norte
502,10502,3,195.06,2025-04-30,Vendedor_6,SP,Campinas
503,10503,2,264.04,2025-02-11,Vendedor_36,DF,Brasilia
504,10504,3,85.39,2025-03-14,Vendedor_26,PE,Recife
505,10505,2,174.83,2025-07-17,Vendedor_46,MG,Belo Horizonte
506,10506,3,105.79,2025-07-13,Vendedor_29,DF,Brasilia
507,10507,2,183.76,2025-05-03,Vendedor_4,GO,Aparecida de Goiania
508,10508,6,87.77,2025-08-12,Vendedor_42,SP,Campinas
509,10509,5,196.45,2025-02-18,Vendedor_50,RJ,Rio de Janeiro
510,10510,2,287.29,2025-07-04,Vendedor_34,PR,Curitiba
511,10511,2,155.87,2025-01-20,Vendedor_27,MG,Juiz de Fora
512,10512,6,147.6,2025-05-29,Vendedor_36,GO,Anapolis
513,10513,5,260.17,2025-08-04,Vendedor_4,DF,Brasilia
514,10514,5,124.81,2025-02-01,Vendedor_33,PE,Petrolina
515,10515,5,162.26,2025-04-21,Vendedor_29,DF,Brasilia
516,10516,3,291.26,2025-04-27,Vendedor_25,SP,Campinas
517,10517,2,224.13,2025-07-26,Vendedor_40,PE,Olinda
518,10518,6,229.21,2025-04-23,Vendedor_26,BA,Vitoria da Conquista
519,10519,4,204.8,2025-04-26,Vendedor_46,RS,Porto Alegre
520,10520,5,96.67,2025-04-13,Vendedor_9,SP,Campinas
521,10521,3,230.65,2025-08-28,Vendedor_27,MG,Uberlandia
522,10522,3,257.37,2025-04-17,Vendedor_33,PE,Recife
523,10523,6,240.04,2025-02-25,Vendedor_7,PR,Curitiba
524,10524,2,104.94,2025-04-18,Vendedor_32,PR,Maringa
525,10525,5,196.72,2025-04-24,Vendedor_17,MG,Belo Horizonte
526,10526,2,111.13,2025-02-14,Vendedor_2,PE,Recife
527,10527,1,240.46,2025-05-30,Vendedor_2,DF,Brasilia
528,10528,5,294.16,2025-06-15,Vendedor_28,RJ,Volta Redonda
529,10529,4,190.29,2025-06-13,Vendedor_35,RS,Pelotas
530,10530,3,114.61,2025-04-27,Vendedor_19,RS,Pelotas
531,10531,3,163.34,2025-05-24,Vendedor_36,RJ,Niteroi
532,10532,5,185.77,2025-03-09,Vendedor_38,CE,Juazeiro do Norte
533,10533,1,200.19,2025-08-22,Vendedor_23,PR,Londrina
534,10534,4,180.39,2025-07-19,Vendedor_4,MG,Belo Horizonte
535,10535,6,125.7,2025-04-07,Vendedor_26,DF,Brasilia
536,10536,3,189.33,2025-08-04,Vendedor_15,PR,Curitiba
537,10537,2,298.54,2025-01-14,Vendedor_43,MG,Juiz de Fora
538,10538,2,273.87,2025-03-29,Vendedor_9,RS,Pelotas
539,10539,2,247.91,2025-01-16,Vendedor_34,PR,Londrina
540,10540,3,266.26,2025-02-11,Vendedor_33,SP,Campinas
541,10541,2,161.88,2025-05-01,Vendedor_13,MG,Belo Horizonte
542,10542,3,131.9,2025-08-10,Vendedor_7,GO,Anapolis
543,10543,5,125.55,2025-08-03,Vendedor_7,DF,Brasilia
544,10544,2,114.17,2025-01-15,Vendedor_50,RS,Pelotas
545,10545,2,168.03,2025-05-04,Vendedor_40,SP,Campinas
546,10546,3,261.05,2025-05-30,Vendedor_17,PE,Petrolina
547,10547,6,236.99,2025-06-17,Vendedor_26,GO,Anapolis
548,10548,3,279.48,2025-06-14,Vendedor_38,MG,Juiz de Fora
549,10549,3,136.44,2025-03-23,Vendedor_35,RJ,Volta Redonda
550,10550,4,270.29,2025-07-24,Vendedor_45,SP,Santos
551,10551,5,220.45,2025-03-25,Vendedor_4,RJ,Rio de Janeiro
552,10552,2,190.14,2025-02-03,Vendedor_16,SP,Sao Paulo
553,10553,3,235.91,2025-08-17,Vendedor_50,CE,Fortaleza
554,10554,3,206.41,2025-07-15,Vendedor_40,DF,Brasilia
555,10555,3,260.99,2025-01-04,Vendedor_32,MG,Juiz de Fora
556,10556,2,121.35,2025-05-17,Vendedor_24,GO,Anapolis
557,10557,3,172.51,2025-07-23,Vendedor_20,GO,Goiania
558,10558,4,239.55,2025-06-28,Vendedor_8,SP,Campinas
559,10559,4,241.57,2025-05-30,Vendedor_39,CE,Fortaleza
560,10560,3,139.89,2025-08-12,Vendedor_3,CE,Juazeiro do Norte
561,10561,5,176.92,2025-01-13,Vendedor_8,RJ,Niteroi
562,10562,4,135.03,2025-06-16,Vendedor_34,BA,Vitoria da Conquista
563,10563,2,221.8,2025-02-21,Vendedor_14,PE,Recife
564,10564,1,294.59,2025-08-22,Vendedor_20,CE,Sobral
565,10565,1,188.14,2025-07-07,Vendedor_21,CE,Sobral
566,10566,4,198.22,2025-01-07,Vendedor_37,RJ,Niteroi
567,10567,5,211.24,2025-02-15,Vendedor_3,PE,Olinda
568,10568,4,287.02,2025-02-27,Vendedor_9,PE,Olinda
569,10569,2,277.2,2025-05-31,Vendedor_26,GO,Aparecida de Goiania
570,10570,5,206.63,2025-03-05,Vendedor_19,RJ,Rio de Janeiro
571,10571,2,167.68,2025-04-14,Vendedor_17,RS,Pelotas
572,10572,3,220.54,2025-05-22,Vendedor_32,GO,Goiania
573,10573,3,121.19,2025-06-16,Vendedor_3,RJ,Volta Redonda
574,10574,3,248.08,2025-01-17,Vendedor_24,SP,Santos
575,10575,3,123.83,2025-01-07,Vendedor_12,CE,Sobral
576,10576,3,216.92,2025-02-17,Vendedor_16,SP,Santos
577,10577,5,133.65,2025-06-18,Vendedor_13,BA,Salvador
578,10578,2,291.8,2025-03-01,Vendedor_25,BA,Feira de Santana
579,10579,5,218.58,2025-07-30,Vendedor_30,CE,Sobral
580,10580,6,281.8,2025-03-14,Vendedor_39,PE,Olinda
581,10581,4,269.59,2025-02-24,Vendedor_13,BA,Salvador
582,10582,5,232.94,2025-01-03,Vendedor_32,CE,Juazeiro do Norte
583,10583,3,211.27,2025-06-24,Vendedor_48,GO,Anapolis
584,10584,3,281.1,2025-03-26,Vendedor_4,PE,Petrolina
585,10585,1,193.53,2025-08-18,Vendedor_48,RS,Pelotas
586,10586,5,257.56,2025-03-18,Vendedor_38,PE,Petrolina
587,10587,2,111.45,2025-03-16,Vendedor_5,DF,Brasilia
588,10588,6,191.97,2025-03-28,Vendedor_27,MG,Uberlandia
589,10589,6,181.39,2025-07-25,Vendedor_10,RJ,Niteroi
590,10590,1,167.02,2025-07-29,Vendedor_20,SP,Santos
591,10591,5,125.95,2025-01-10,Vendedor_40,PE,Olinda
592,10592,2,115.18,2025-01-26,Vendedor_40,PR,Curitiba
593,10593,1,275.18,2025-07-17,Vendedor_4,DF,Brasilia
594,10594,1,196.79,2025-01-23,Vendedor_10,MG,Juiz de Fora
595,10595,1,296.38,2025-08-20,Vendedor_1,RS,Caxias do Sul
596,10596,5,97.18,2025-06-25,Vendedor_3,BA,Salvador
597,10597,1,255.97,2025-05-13,Vendedor_21,RS,Porto Alegre
598,10598,3,99.6,2025-04-13,Vendedor_40,PE,Recife
599,10599,5,94.01,2025-04-12,Vendedor_11,CE,Fortaleza
600,10600,1,147.98,2025-01-28,Vendedor_34,PR,Curitiba
601,10601,4,281.28,2025-07-23,Vendedor_37,GO,Aparecida de Goiania
602,10602,2,287.35,2025-03-16,Vendedor_25,GO,Goiania
603,10603,2,136.09,2025-03-30,Vendedor_6,DF,Brasilia
604,10604,6,202.64,2025-02-01,Vendedor_20,PR,Londrina
605,10605,1,102.43,2025-06-23,Vendedor_20,CE,Juazeiro do Norte
606,10606,4,276.95,2025-08-24,Vendedor_38,PE,Recife
607,10607,2,100.72,2025-08-09,Vendedor_40,BA,Salvador
608,10608,6,114.83,2025-03-14,Vendedor_48,RJ,Volta Redonda
609,10609,4,140.74,2025-01-22,Vendedor_34,PR,Curitiba
610,10610,3,134.53,2025-01-12,Vendedor_7,MG,Uberlandia
611,10611,5,173.85,2025-02-27,Vendedor_47,CE,Sobral
612,10612,4,105.45,2025-04-17,Vendedor_48,SP,Campinas
613,10613,1,148.96,2025-07-15,Vendedor_29,PE,Recife
614,10614,1,248.36,2025-05-15,Vendedor_47,MG,Belo Horizonte
615,10615,1,167.39,2025-06-02,Vendedor_2,SP,Campinas
616,10616,4,266.95,2025-06-29,Vendedor_4,RS,Pelotas
617,10617,2,143.48,2025-05-12,Vendedor_17,PR,Maringa
618,10618,5,178.99,2025-03-05,Vendedor_21,GO,Aparecida de Goiania
619,10619,4,166.37,2025-07-27,Vendedor_3,DF,Brasilia
620,10620,2,200.19,2025-05-04,Vendedor_41,BA,Vitoria da Conquista
621,10621,3,294.76,2025-04-07,Vendedor_50,RJ,Volta Redonda
622,10622,3,103.66,2025-03-10,Vendedor_26,PR,Maringa
623,10623,6,298.84,2025-03-09,Vendedor_43,DF,Brasilia
624,10624,4,125.99,2025-04-03,Vendedor_21,BA,Salvador
625,10625,5,118.54,2025-01-19,Vendedor_20,CE,Sobral
626,10626,5,233.19,2025-04-08,Vendedor_47,PE,Olinda
627,10627,2,253.06,2025-03-21,Vendedor_50,DF,Brasilia
628,10628,4,169.68,2025-05-01,Vendedor_40,BA,Salvador
629,10629,6,242.5,2025-02-09,Vendedor_28,RS,Caxias do Sul
630,10630,5,173.65,2025-02-26,Vendedor_7,RJ,Volta Redonda
631,10631,1,238.23,2025-03-07,Vendedor_23,SP,Santos
632,10632,1,258.17,2025-01-09,Vendedor_17,SP,Sao Paulo
633,10633,6,231.6,2025-06-10,Vendedor_31,PE,Petrolina
634,10634,4,160.18,2025-03-24,Vendedor_8,RS,Porto Alegre
635,10635,6,96.24,2025-07-09,Vendedor_41,PE,Recife
636,10636,6,167.64,2025-08-22,Vendedor_37,BA,Vitoria da Conquista
637,10637,1,147.88,2025-06-06,Vendedor_8,DF,Brasilia
638,10638,3,260.31,2025-01-18,Vendedor_13,RJ,Rio de Janeiro
639,10639,4,263.91,2025-07-25,Vendedor_23,RJ,Rio de Janeiro
640,10640,5,147.85,2025-05-15,Vendedor_15,GO,Anapolis
641,10641,1,190.03,2025-08-31,Vendedor_25,SP,Campinas
642,10642,6,159.24,2025-07-23,Vendedor_21,PE,Petrolina
643,10643,6,293.14,2025-05-16,Vendedor_28,PE,Olinda
644,10644,3,213.02,2025-03-20,Vendedor_7,SP,Santos
645,10645,2,270.29,2025-07-02,Vendedor_25,CE,Sobral
646,10646,4,198.44,2025-05-23,Vendedor_10,PE,Recife
647,10647,5,130.96,2025-02-24,Vendedor_41,RS,Porto Alegre
648,10648,4,152.81,2025-01-08,Vendedor_27,SP,Santos
649,10649,4,199.42,2025-02-25,Vendedor_18,MG,Uberlandia
650,10650,4,175.98,2025-05-28,Vendedor_47,GO,Aparecida de Goiania
651,10651,3,258.69,2025-01-03,Vendedor_30,DF,Brasilia
652,10652,6,98.67,2025-07-22,Vendedor_48,CE,Sobral
653,10653,4,133.23,2025-07-06,Vendedor_31,RJ,Rio de Janeiro
654,10654,1,287.83,2025-04-28,Vendedor_15,DF,Brasilia
655,10655,2,221.94,2025-06-04,Vendedor_48,MG,Belo Horizonte
656,10656,6,255.77,2025-06-22,Vendedor_15,MG,Belo Horizonte
657,10657,4,298.65,2025-08-14,Vendedor_4,RJ,Niteroi
658,10658,3,240.22,2025-06-24,Vendedor_36,PE,Petrolina
659,10659,2,83.99,2025-06-07,Vendedor_6,MG,Uberlandia
660,10660,6,140.05,2025-02-05,Vendedor_22,CE,Fortaleza
661,10661,1,232.86,2025-04-08,Vendedor_4,PE,Olinda
662,10662,5,270.32,2025-06-12,Vendedor_23,DF,Brasilia
663,10663,2,287.34,2025-01-02,Vendedor_31,GO,Anapolis
664,10664,4,92.52,2025-05-29,Vendedor_26,GO,Goiania
665,10665,5,91.28,2025-08-03,Vendedor_11,MG,Juiz de Fora
666,10666,3,219.93,2025-05-23,Vendedor_21,MG,Uberlandia
667,10667,1,226.37,2025-07-19,Vendedor_14,BA,Feira de Santana
668,10668,5,177.59,2025-01-22,Vendedor_27,PE,Petrolina
669,10669,5,288.74,2025-02-12,Vendedor_50,GO,Anapolis
670,10670,4,274.9,2025-07-04,Vendedor_10,PR,Londrina
671,10671,2,170.91,2025-07-18,Vendedor_8,RJ,Volta Redonda
672,10672,4,202.64,2025-01-22,Vendedor_4,GO,Aparecida de Goiania
673,10673,3,260.29,2025-02-06,Vendedor_45,SP,Campinas
674,10674,2,213.12,2025-01-26,Vendedor_7,RS,Pelotas
675,10675,6,122.93,2025-01-10,Vendedor_29,PR,Maringa
676,10676,5,142.59,2025-07-27,Vendedor_45,PE,Olinda
677,10677,5,135.5,2025-03-06,Vendedor_25,PR,Curitiba
678,10678,4,176.06,2025-08-13,Vendedor_49,PR,Londrina
679,10679,2,236.9,2025-06-12,Vendedor_38,BA,Feira de Santana
680,10680,6,183.28,2025-03-09,Vendedor_1,GO,Aparecida de Goiania
681,10681,4,288.85,2025-04-22,Vendedor_16,MG,Belo Horizonte
682,10682,6,277.35,2025-06-01,Vendedor_46,DF,Brasilia
683,10683,2,228.99,2025-05-23,Vendedor_3,BA,Salvador
684,10684,4,89.86,2025-01-05,Vendedor_43,CE,Fortaleza
685,10685,4,148.82,2025-06-05,Vendedor_33,RJ,Volta Redonda
686,10686,2,261.08,2025-02-27,Vendedor_7,RS,Pelotas
687,10687,6,117.32,2025-08-05,Vendedor_50,RS,Porto Alegre
688,10688,5,275.88,2025-05-17,Vendedor_44,CE,Fortaleza
689,10689,4,224.42,2025-04-14,Vendedor_40,SP,Santos
690,10690,6,228.34,2025-05-09,Vendedor_15,RJ,Volta Redonda
691,10691,3,111.96,2025-04-19,Vendedor_8,MG,Uberlandia
692,10692,1,216.77,2025-07-10,Vendedor_25,MG,Uberlandia
693,10693,5,267.34,2025-05-27,Vendedor_1,CE,Sobral
694,10694,5,177.34,2025-02-23,Vendedor_10,PR,Curitiba
695,10695,6,88.17,2025-07-27,Vendedor_46,MG,Juiz de Fora
696,10696,1,193.07,2025-08-30,Vendedor_16,BA,Salvador
697,10697,1,244.79,2025-05-25,Vendedor_12,DF,Brasilia
698,10698,5,179.56,2025-04-24,Vendedor_25,PR,Maringa
699,10699,2,158.44,2025-06-26,Vendedor_23,PR,Londrina
700,10700,1,258.96,2025-05-10,Vendedor_14,SP,Campinas
701,10701,5,131.05,2025-07-02,Vendedor_8,DF,Brasilia
702,10702,3,92.19,2025-06-29,Vendedor_8,RS,Caxias do Sul
703,10703,6,285.97,2025-02-23,Vendedor_26,GO,Aparecida de Goiania
704,10704,1,192.71,2025-08-01,Vendedor_2,BA,Vitoria da Conquista
705,10705,4,126.54,2025-06-01,Vendedor_44,CE,Fortaleza
706,10706,5,291.65,2025-03-15,Vendedor_9,SP,Santos
707,10707,1,290.28,2025-08-26,Vendedor_41,PR,Maringa
708,10708,3,260.93,2025-07-17,Vendedor_20,DF,Brasilia
709,10709,4,219.65,2025-04-27,Vendedor_38,DF,Brasilia
710,10710,3,228.04,2025-01-14,Vendedor_23,DF,Brasilia
711,10711,3,248.47,2025-05-28,Vendedor_14,SP,Campinas
712,10712,1,82.76,2025-03-20,Vendedor_38,GO,Goiania
713,10713,2,173.63,2025-07-29,Vendedor_47,GO,Anapolis
714,10714,6,171.56,2025-01-29,Vendedor_28,GO,Aparecida de Goiania
715,10715,1,195.92,2025-04-15,Vendedor_31,DF,Brasilia
716,10716,4,145.78,2025-03-21,Vendedor_50,GO,Anapolis
717,10717,2,123.97,2025-02-23,Vendedor_28,CE,Juazeiro do Norte
718,10718,4,97.59,2025-04-15,Vendedor_34,CE,Fortaleza
719,10719,6,122.8,2025-02-27,Vendedor_46,SP,Santos
720,10720,5,231.44,2025-07-27,Vendedor_2,RJ,Rio de Janeiro
721,10721,4,188.46,2025-07-16,Vendedor_3,GO,Anapolis
722,10722,4,284.56,2025-05-08,Vendedor_37,PR,Curitiba
723,10723,4,125.56,2025-04-20,Vendedor_31,RJ,Rio de Janeiro
724,10724,4,170.33,2025-06-04,Vendedor_16,GO,Aparecida de Goiania
725,10725,1,140.08,2025-02-28,Vendedor_29,DF,Brasilia
726,10726,4,102.22,2025-02-24,Vendedor_45,BA,Salvador
727,10727,2,93.39,2025-06-05,Vendedor_7,BA,Feira de Santana
728,10728,6,241.98,2025-06-09,Vendedor_44,PE,Recife
729,10729,1,296.4,2025-01-06,Vendedor_45,RS,Caxias do Sul
730,10730,3,187.78,2025-07-12,Vendedor_42,SP,Sao Paulo
731,10731,1,82.76,2025-06-29,Vendedor_38,DF,Brasilia
732,10732,2,273.42,2025-02-12,Vendedor_11,CE,Fortaleza
733,10733,1,107.97,2025-01-11,Vendedor_18,PE,Recife
734,10734,5,109.08,2025-07-19,Vendedor_45,PE,Petrolina
735,10735,6,96.63,2025-01-21,Vendedor_26,SP,Sao Paulo
736,10736,5,95.06,2025-08-22,Vendedor_13,SP,Campinas
737,10737,3,238.32,2025-03-19,Vendedor_36,RS,Caxias do Sul
738,10738,4,129.74,2025-06-02,Vendedor_43,RJ,Volta Redonda
739,10739,6,143.76,2025-05-22,Vendedor_2,BA,Salvador
740,10740,1,176.62,2025-06-05,Vendedor_47,PR,Londrina
741,10741,2,142.65,2025-06-18,Vendedor_33,CE,Fortaleza
742,10742,3,138.15,2025-05-19,Vendedor_28,BA,Vitoria da Conquista
743,10743,1,136.25,2025-05-17,Vendedor_22,RS,Porto Alegre
744,10744,3,201.25,2025-01-19,Vendedor_46,RS,Porto Alegre
745,10745,1,155.56,2025-06-01,Vendedor_23,SP,Campinas
746,10746,2,235.6,2025-02-15,Vendedor_23,SP,Santos
747,10747,5,165.57,2025-06-18,Vendedor_37,PE,Petrolina
748,10748,1,163.05,2025-08-01,Vendedor_44,RS,Pelotas
749,10749,4,274.16,2025-03-24,Vendedor_39,CE,Fortaleza
750,10750,6,152.76,2025-06-19,Vendedor_48,SP,Santos
751,10751,5,266.49,2025-08-01,Vendedor_31,RS,Caxias do Sul
752,10752,4,255.12,2025-04-15,Vendedor_23,SP,Campinas
753,10753,2,236.54,2025-04-12,Vendedor_8,RJ,Rio de Janeiro
754,10754,6,147.64,2025-06-26,Vendedor_31,GO,Aparecida de Goiania
755,10755,6,195.47,2025-07-24,Vendedor_17,RS,Pelotas
756,10756,3,91.21,2025-08-02,Vendedor_34,SP,Campinas
757,10757,6,88.14,2025-01-02,Vendedor_45,PE,Olinda
758,10758,5,113.19,2025-03-25,Vendedor_23,MG,Belo Horizonte
759,10759,2,187.07,2025-07-05,Vendedor_49,BA,Salvador
760,10760,5,261.51,2025-03-09,Vendedor_39,PR,Londrina
761,10761,4,220.9,2025-04-07,Vendedor_41,DF,Brasilia
762,10762,1,174.03,2025-02-21,Vendedor_25,CE,Sobral
763,10763,5,178.94,2025-01-31,Vendedor_28,RJ,Volta Redonda
764,10764,6,297.95,2025-08-09,Vendedor_15,RJ,Rio de Janeiro
765,10765,3,165.3,2025-07-16,Vendedor_21,DF,Brasilia
766,10766,6,150.68,2025-05-12,Vendedor_6,DF,Brasilia
767,10767,4,166.39,2025-02-21,Vendedor_8,GO,Anapolis
768,10768,3,288.35,2025-01-03,Vendedor_33,RS,Caxias do Sul
769,10769,1,94.11,2025-04-18,Vendedor_21,BA,Feira de Santana
770,10770,6,218.85,2025-02-03,Vendedor_21,BA,Vitoria da Conquista
771,10771,6,272.38,2025-07-17,Vendedor_10,RJ,Volta Redonda
772,10772,1,194.34,2025-04-06,Vendedor_40,GO,Goiania
773,10773,1,160.29,2025-03-22,Vendedor_4,CE,Juazeiro do Norte
774,10774,3,156.68,2025-01-26,Vendedor_9,RS,Pelotas
775,10775,3,94.54,2025-07-03,Vendedor_30,RS,Pelotas
776,10776,5,197.88,2025-05-28,Vendedor_28,CE,Fortaleza
777,10777,1,260.44,2025-02-13,Vendedor_30,CE,Juazeiro do Norte
778,10778,6,245.34,2025-08-24,Vendedor_23,PE,Recife
779,10779,4,157.87,2025-04-18,Vendedor_24,PR,Maringa
780,10780,6,273.95,2025-05-24,Vendedor_10,PE,Petrolina
781,10781,1,112.74,2025-03-06,Vendedor_38,DF,Brasilia
782,10782,2,263.49,2025-04-24,Vendedor_19,RS,Porto Alegre
783,10783,3,271.64,2025-08-29,Vendedor_42,RJ,Rio de Janeiro
784,10784,6,255.11,2025-01-31,Vendedor_33,MG,Belo Horizonte
785,10785,1,287.92,2025-04-17,Vendedor_25,PR,Londrina
786,10786,3,285.68,2025-06-05,Vendedor_21,DF,Brasilia
787,10787,5,83.78,2025-08-06,Vendedor_20,PR,Curitiba
788,10788,4,192.86,2025-08-11,Vendedor_16,RJ,Rio de Janeiro
789,10789,5,111.21,2025-08-12,Vendedor_2,GO,Goiania
790,10790,2,285.9,2025-02-07,Vendedor_47,PE,Petrolina
791,10791,3,190.49,2025-08-17,Vendedor_36,DF,Brasilia
792,10792,6,188.41,2025-05-30,Vendedor_37,PR,Maringa
793,10793,2,220.09,2025-05-17,Vendedor_11,BA,Salvador
794,10794,3,117.51,2025-01-25,Vendedor_49,RS,Pelotas
795,10795,3,213.92,2025-02-05,Vendedor_7,MG,Belo Horizonte
796,10796,6,161.62,2025-06-24,Vendedor_20,MG,Belo Horizonte
797,10797,2,199.09,2025-07-24,Vendedor_41,MG,Belo Horizonte
798,10798,6,280.61,2025-08-21,Vendedor_7,CE,Sobral
799,10799,2,296.37,2025-06-07,Vendedor_11,DF,Brasilia
800,10800,5,109.8,2025-02-06,Vendedor_50,MG,Uberlandia
801,10801,1,173.65,2025-08-10,Vendedor_41,MG,Uberlandia
802,10802,5,123.59,2025-08-21,Vendedor_27,PR,Maringa
803,10803,3,247.08,2025-07-24,Vendedor_33,PR,Londrina
804,10804,2,118.51,2025-04-17,Vendedor_8,GO,Anapolis
805,10805,5,148.21,2025-07-14,Vendedor_8,RS,Caxias do Sul
806,10806,4,214.38,2025-08-26,Vendedor_1,BA,Salvador
807,10807,5,156.37,2025-02-14,Vendedor_32,SP,Sao Paulo
808,10808,4,179.16,2025-03-22,Vendedor_31,PE,Olinda
809,10809,1,92.61,2025-01-01,Vendedor_3,DF,Brasilia
810,10810,5,183.13,2025-03-16,Vendedor_21,RS,Porto Alegre
811,10811,4,192.23,2025-03-09,Vendedor_5,MG,Juiz de Fora
812,10812,4,256.14,2025-04-19,Vendedor_44,PR,Curitiba
813,10813,6,170.05,2025-05-21,Vendedor_38,PE,Recife
814,10814,2,140.34,2025-05-29,Vendedor_14,GO,Goiania
815,10815,4,287.22,2025-02-09,Vendedor_50,RJ,Rio de Janeiro
816,10816,1,163.78,2025-06-09,Vendedor_24,RJ,Rio de Janeiro
817,10817,1,105.72,2025-08-06,Vendedor_32,CE,Fortaleza
818,10818,4,260.55,2025-04-25,Vendedor_16,MG,Uberlandia
819,10819,5,106.64,2025-05-09,Vendedor_50,CE,Juazeiro do Norte
820,10820,5,185.31,2025-01-21,Vendedor_13,MG,Belo Horizonte
821,10821,5,271.61,2025-07-23,Vendedor_24,BA,Salvador
822,10822,6,254.73,2025-01-09,Vendedor_9,GO,Goiania
823,10823,6,229.9,2025-06-29,Vendedor_49,CE,Sobral
824,10824,3,202.27,2025-06-24,Vendedor_16,RS,Porto Alegre
825,10825,3,262.39,2025-02-05,Vendedor_43,SP,Santos
826,10826,6,91.27,2025-08-26,Vendedor_44,DF,Brasilia
827,10827,4,293.98,2025-05-17,Vendedor_45,RS,Porto Alegre
828,10828,1,81.39,2025-05-08,Vendedor_40,DF,Brasilia
829,10829,6,194.09,2025-06-19,Vendedor_25,SP,Sao Paulo
830,10830,1,128.3,2025-07-08,Vendedor_15,CE,Juazeiro do Norte
831,10831,4,274.81,2025-08-02,Vendedor_30,MG,Juiz de Fora
832,10832,2,280.14,2025-03-08,Vendedor_42,BA,Salvador
833,10833,1,136.02,2025-05-10,Vendedor_13,MG,Belo Horizonte
834,10834,6,289.53,2025-04-06,Vendedor_44,PE,Olinda
835,10835,6,234.8,2025-05-01,Vendedor_21,RJ,Niteroi
836,10836,4,277.88,2025-03-01,Vendedor_38,RJ,Rio de Janeiro
837,10837,6,225.29,2025-05-18,Vendedor_15,RS,Pelotas
838,10838,1,296.67,2025-04-09,Vendedor_1,BA,Feira de Santana
839,10839,6,142.71,2025-08-08,Vendedor_16,BA,Salvador
840,10840,3,101.67,2025-05-03,Vendedor_29,PR,Curitiba
841,10841,6,237.62,2025-06-25,Vendedor_23,RS,Pelotas
842,10842,4,202.78,2025-04-17,Vendedor_49,RJ,Niteroi
843,10843,6,261.56,2025-05-12,Vendedor_19,PE,Petrolina
844,10844,2,187.33,2025-08-17,Vendedor_35,MG,Belo Horizonte
845,10845,4,281.4,2025-08-21,Vendedor_49,RJ,Niteroi
846,10846,5,191.11,2025-07-22,Vendedor_48,PE,Recife
847,10847,2,264.79,2025-05-30,Vendedor_27,MG,Belo Horizonte
848,10848,2,259.96,2025-06-26,Vendedor_34,MG,Belo Horizonte
849,10849,6,146.91,2025-06-08,Vendedor_43,PR,Maringa
850,10850,1,214.5,2025-02-11,Vendedor_48,MG,Uberlandia
851,10851,2,149.66,2025-04-21,Vendedor_7,RS,Caxias do Sul
852,10852,1,202.98,2025-03-01,Vendedor_12,PR,Maringa
853,10853,4,231.82,2025-06-09,Vendedor_48,PE,Recife
854,10854,3,251.6,2025-08-18,Vendedor_40,PE,Olinda
855,10855,6,221.01,2025-06-11,Vendedor_48,MG,Juiz de Fora
856,10856,5,292.1,2025-03-16,Vendedor_10,RS,Pelotas
857,10857,2,158.18,2025-05-25,Vendedor_22,CE,Fortaleza
858,10858,3,173.37,2025-08-17,Vendedor_33,RS,Caxias do Sul
859,10859,3,201.7,2025-03-01,Vendedor_12,GO,Anapolis
860,10860,1,214.14,2025-05-28,Vendedor_28,BA,Vitoria da Conquista
861,10861,1,190.61,2025-03-05,Vendedor_21,MG,Uberlandia
862,10862,5,143.88,2025-02-17,Vendedor_40,RS,Pelotas
863,10863,4,127.81,2025-04-09,Vendedor_38,MG,Belo Horizonte
864,10864,6,227.14,2025-08-24,Vendedor_49,MG,Belo Horizonte
865,10865,1,280.69,2025-07-11,Vendedor_15,BA,Feira de Santana
866,10866,4,271.12,2025-01-13,Vendedor_32,GO,Goiania
867,10867,4,211.47,2025-06-02,Vendedor_6,SP,Campinas
868,10868,6,130.36,2025-04-05,Vendedor_33,RJ,Volta Redonda
869,10869,6,287.76,2025-07-27,Vendedor_19,MG,Uberlandia
870,10870,3,174.18,2025-01-21,Vendedor_50,CE,Fortaleza
871,10871,2,99.39,2025-03-15,Vendedor_34,BA,Salvador
872,10872,3,227.47,2025-08-13,Vendedor_30,DF,Brasilia
873,10873,5,283.1,2025-08-22,Vendedor_27,RS,Caxias do Sul
874,10874,6,115.16,2025-02-08,Vendedor_26,PE,Recife
875,10875,6,202.24,2025-06-23,Vendedor_23,GO,Anapolis
876,10876,2,232.66,2025-06-27,Vendedor_28,DF,Brasilia
877,10877,6,106.73,2025-04-05,Vendedor_4,RS,Caxias do Sul
878,10878,3,163.36,2025-05-23,Vendedor_11,CE,Sobral
879,10879,5,221.54,2025-01-09,Vendedor_21,BA,Salvador
880,10880,6,284.33,2025-03-17,Vendedor_9,PE,Recife
881,10881,6,140.75,2025-08-29,Vendedor_47,CE,Fortaleza
882,10882,2,90.15,2025-02-15,Vendedor_12,SP,Campinas
883,10883,6,231.05,2025-03-22,Vendedor_38,RJ,Volta Redonda
884,10884,6,170.33,2025-05-31,Vendedor_1,RJ,Niteroi
885,10885,4,281.17,2025-06-12,Vendedor_12,RS,Porto Alegre
886,10886,5,130.14,2025-06-09,Vendedor_23,MG,Uberlandia
887,10887,4,96.37,2025-08-21,Vendedor_41,BA,Salvador
888,10888,2,230.68,2025-01-03,Vendedor_6,DF,Brasilia
889,10889,5,287.4,2025-04-12,Vendedor_32,PE,Olinda
890,10890,6,202.99,2025-04-15,Vendedor_39,MG,Uberlandia
891,10891,5,183.35,2025-05-08,Vendedor_28,RS,Porto Alegre
892,10892,6,132.08,2025-03-29,Vendedor_10,PE,Olinda
893,10893,3,102.24,2025-05-20,Vendedor_16,RS,Porto Alegre
894,10894,4,264.17,2025-03-02,Vendedor_20,DF,Brasilia
895,10895,4,152.0,2025-04-19,Vendedor_22,GO,Anapolis
896,10896,5,108.92,2025-06-02,Vendedor_42,SP,Campinas
897,10897,5,169.18,2025-03-09,Vendedor_24,CE,Fortaleza
898,10898,1,252.89,2025-04-07,Vendedor_30,DF,Brasilia
899,10899,3,181.47,2025-05-09,Vendedor_14,SP,Sao Paulo
900,10900,4,156.52,2025-04-11,Vendedor_26,CE,Fortaleza
901,10901,4,140.02,2025-02-02,Vendedor_8,MG,Belo Horizonte
902,10902,5,187.69,2025-08-31,Vendedor_26,GO,Goiania
903,10903,4,208.69,2025-07-02,Vendedor_47,PR,Londrina
904,10904,6,97.3,2025-06-26,Vendedor_22,GO,Anapolis
905,10905,2,191.33,2025-07-31,Vendedor_48,RS,Pelotas
906,10906,5,99.66,2025-02-18,Vendedor_40,BA,Vitoria da Conquista
907,10907,4,155.84,2025-05-16,Vendedor_12,BA,Vitoria da Conquista
908,10908,6,189.0,2025-07-09,Vendedor_9,PR,Curitiba
909,10909,2,180.39,2025-07-31,Vendedor_30,CE,Fortaleza
910,10910,5,93.73,2025-07-10,Vendedor_37,RS,Caxias do Sul
911,10911,6,147.08,2025-03-09,Vendedor_18,PE,Olinda
912,10912,1,160.08,2025-04-21,Vendedor_40,BA,Feira de Santana
913,10913,4,184.08,2025-06-08,Vendedor_35,SP,Sao Paulo
914,10914,3,247.55,2025-07-14,Vendedor_20,RS,Pelotas
915,10915,2,89.64,2025-02-15,Vendedor_12,BA,Salvador
916,10916,5,198.13,2025-04-17,Vendedor_41,PE,Petrolina
917,10917,4,242.21,2025-07-19,Vendedor_46,PE,Olinda
918,10918,6,153.36,2025-07-28,Vendedor_44,RJ,Niteroi
919,10919,4,160.14,2025-02-16,Vendedor_37,RJ,Volta Redonda
920,10920,4,199.38,2025-04-12,Vendedor_44,DF,Brasilia
921,10921,1,295.92,2025-01-07,Vendedor_39,CE,Fortaleza
922,10922,6,92.43,2025-05-18,Vendedor_30,PR,Londrina
923,10923,4,189.99,2025-02-08,Vendedor_3,CE,Sobral
924,10924,3,161.76,2025-03-12,Vendedor_50,MG,Belo Horizonte
925,10925,3,235.0,2025-06-27,Vendedor_8,MG,Juiz de Fora
926,10926,1,92.09,2025-01-04,Vendedor_42,PE,Olinda
927,10927,1,157.9,2025-03-06,Vendedor_28,MG,Belo Horizonte
928,10928,2,80.15,2025-01-24,Vendedor_39,RJ,Niteroi
929,10929,4,193.09,2025-05-29,Vendedor_1,BA,Salvador
930,10930,4,98.43,2025-04-18,Vendedor_17,BA,Feira de Santana
931,10931,5,264.6,2025-06-15,Vendedor_15,DF,Brasilia
932,10932,6,270.11,2025-01-06,Vendedor_17,RS,Porto Alegre
933,10933,2,245.03,2025-01-29,Vendedor_12,PR,Maringa
934,10934,1,99.09,2025-07-02,Vendedor_40,SP,Campinas
935,10935,6,138.64,2025-03-07,Vendedor_19,RS,Caxias do Sul
936,10936,5,81.74,2025-07-30,Vendedor_25,GO,Anapolis
937,10937,1,244.35,2025-06-15,Vendedor_45,DF,Brasilia
938,10938,3,268.98,2025-06-24,Vendedor_38,DF,Brasilia
939,10939,6,202.04,2025-05-20,Vendedor_3,PE,Olinda
940,10940,3,277.27,2025-05-25,Vendedor_24,SP,Santos
941,10941,1,91.03,2025-08-30,Vendedor_3,CE,Sobral
942,10942,3,200.18,2025-06-03,Vendedor_45,MG,Belo Horizonte
943,10943,3,249.39,2025-02-14,Vendedor_43,RS,Porto Alegre
944,10944,5,264.4,2025-08-01,Vendedor_12,PR,Maringa
945,10945,1,97.93,2025-06-03,Vendedor_8,CE,Fortaleza
946,10946,5,163.19,2025-01-21,Vendedor_50,RJ,Niteroi
947,10947,6,94.03,2025-02-13,Vendedor_32,GO,Goiania
948,10948,2,213.53,2025-06-19,Vendedor_22,GO,Goiania
949,10949,3,152.25,2025-04-27,Vendedor_14,DF,Brasilia
950,10950,1,285.31,2025-03-26,Vendedor_16,RS,Porto Alegre
951,10951,5,145.87,2025-03-19,Vendedor_23,DF,Brasilia
952,10952,6,194.03,2025-02-04,Vendedor_14,RJ,Volta Redonda
953,10953,3,114.13,2025-04-28,Vendedor_49,CE,Fortaleza
954,10954,2,159.61,2025-01-16,Vendedor_16,DF,Brasilia
955,10955,4,286.92,2025-05-21,Vendedor_34,PR,Londrina
956,10956,2,257.11,2025-04-22,Vendedor_43,GO,Anapolis
957,10957,2,107.65,2025-02-06,Vendedor_18,PE,Recife
958,10958,3,246.91,2025-07-09,Vendedor_35,GO,Anapolis
959,10959,4,158.13,2025-03-12,Vendedor_25,RJ,Rio de Janeiro
960,10960,3,143.97,2025-06-09,Vendedor_14,RS,Porto Alegre
961,10961,1,271.47,2025-07-05,Vendedor_36,PR,Londrina
962,10962,3,163.97,2025-04-29,Vendedor_40,PR,Maringa
963,10963,1,286.76,2025-01-02,Vendedor_3,RJ,Niteroi
964,10964,5,90.48,2025-04-18,Vendedor_2,BA,Salvador
965,10965,3,156.84,2025-06-25,Vendedor_38,PR,Curitiba
966,10966,2,242.67,2025-07-01,Vendedor_42,BA,Feira de Santana
967,10967,3,109.61,2025-03-06,Vendedor_22,GO,Anapolis
968,10968,4,96.53,2025-03-13,Vendedor_25,RS,Pelotas
969,10969,2,197.2,2025-02-14,Vendedor_26,BA,Salvador
970,10970,3,218.0,2025-02-04,Vendedor_8,DF,Brasilia
971,10971,2,85.38,2025-08-18,Vendedor_27,DF,Brasilia
972,10972,6,191.32,2025-08-10,Vendedor_25,BA,Feira de Santana
973,10973,1,232.27,2025-02-02,Vendedor_38,MG,Uberlandia
974,10974,1,216.14,2025-05-30,Vendedor_29,BA,Vitoria da Conquista
975,10975,4,105.63,2025-04-01,Vendedor_41,DF,Brasilia
976,10976,6,271.13,2025-07-19,Vendedor_19,RS,Caxias do Sul
977,10977,3,100.5,2025-06-23,Vendedor_6,BA,Vitoria da Conquista
978,10978,6,171.28,2025-01-22,Vendedor_44,DF,Brasilia
979,10979,2,134.82,2025-01-07,Vendedor_1,DF,Brasilia
980,10980,1,216.92,2025-07-09,Vendedor_33,SP,Campinas
981,10981,4,159.89,2025-06-20,Vendedor_44,DF,Brasilia
982,10982,4,194.04,2025-08-11,Vendedor_30,PR,Maringa
983,10983,2,240.33,2025-04-07,Vendedor_16,MG,Belo Horizonte
984,10984,6,179.4,2025-04-22,Vendedor_18,PR,Curitiba
985,10985,1,231.87,2025-07-01,Vendedor_15,BA,Vitoria da Conquista
986,10986,4,269.61,2025-01-07,Vendedor_37,RJ,Rio de Janeiro
987,10987,5,123.17,2025-03-20,Vendedor_29,CE,Fortaleza
988,10988,2,181.52,2025-08-23,Vendedor_16,RJ,Niteroi
989,10989,3,220.37,2025-07-02,Vendedor_16,RS,Porto Alegre
990,10990,5,213.34,2025-05-12,Vendedor_21,SP,Santos
991,10991,2,170.21,2025-04-26,Vendedor_46,BA,Vitoria da Conquista
992,10992,4,136.98,2025-03-16,Vendedor_24,PR,Curitiba
993,10993,4,83.53,2025-01-23,Vendedor_46,RS,Pelotas
994,10994,3,289.23,2025-06-18,Vendedor_35,RS,Caxias do Sul
995,10995,1,96.65,2025-03-12,Vendedor_44,RS,Caxias do Sul
996,10996,6,179.16,2025-02-16,Vendedor_43,GO,Aparecida de Goiania
997,10997,6,173.15,2025-02-26,Vendedor_15,RS,Porto Alegre
998,10998,3,283.02,2025-02-14,Vendedor_36,RS,Caxias do Sul
999,10999,1,126.87,2025-08-08,Vendedor_15,RS,Caxias do Sul
1000,11000,5,250.75,2025-07-13,Vendedor_15,PE,Recife
1001,11001,6,104.85,2025-07-08,Vendedor_46,RS,Porto Alegre
1002,11002,5,92.94,2025-01-17,Vendedor_38,PE,Olinda
1003,11003,4,290.8,2025-06-01,Vendedor_21,RS,Porto Alegre
1004,11004,3,95.99,2025-02-16,Vendedor_1,BA,Vitoria da Conquista
1005,11005,2,116.74,2025-06-22,Vendedor_25,PR,Londrina
1006,11006,6,245.85,2025-07-06,Vendedor_41,RS,Porto Alegre
1007,11007,2,254.17,2025-04-06,Vendedor_25,CE,Fortaleza
1008,11008,6,97.41,2025-02-04,Vendedor_18,CE,Juazeiro do Norte
1009,11009,2,122.23,2025-05-04,Vendedor_4,PE,Recife
1010,11010,2,116.48,2025-05-06,Vendedor_45,RJ,Rio de Janeiro
1011,11011,6,233.85,2025-03-06,Vendedor_23,CE,Fortaleza
1012,11012,4,263.68,2025-05-27,Vendedor_25,PR,Londrina
1013,11013,6,129.64,2025-05-31,Vendedor_30,RJ,Volta Redonda
1014,11014,2,282.65,2025-03-21,Vendedor_31,CE,Fortaleza
1015,11015,4,96.06,2025-06-09,Vendedor_22,RJ,Niteroi
1016,11016,2,243.5,2025-06-12,Vendedor_14,PR,Londrina
1017,11017,4,95.4,2025-06-18,Vendedor_49,BA,Vitoria da Conquista
1018,11018,3,270.47,2025-03-23,Vendedor_46,GO,Goiania
1019,11019,5,290.4,2025-01-08,Vendedor_28,PR,Londrina
1020,11020,4,97.06,2025-08-01,Vendedor_38,CE,Fortaleza
1021,11021,6,168.91,2025-05-20,Vendedor_34,PR,Curitiba
1022,11022,6,268.38,2025-04-10,Vendedor_17,GO,Anapolis
1023,11023,6,290.72,2025-05-07,Vendedor_12,GO,Aparecida de Goiania
1024,11024,4,182.83,2025-04-04,Vendedor_48,DF,Brasilia
1025,11025,5,191.02,2025-08-16,Vendedor_44,RS,Caxias do Sul
1026,11026,4,112.75,2025-08-29,Vendedor_36,SP,Sao Paulo
1027,11027,3,121.25,2025-02-05,Vendedor_37,SP,Santos
1028,11028,1,255.08,2025-06-25,Vendedor_33,SP,Campinas
1029,11029,5,180.37,2025-08-31,Vendedor_3,RJ,Rio de Janeiro
1030,11030,4,247.26,2025-06-27,Vendedor_30,MG,Belo Horizonte
1031,11031,6,192.06,2025-05-14,Vendedor_44,CE,Juazeiro do Norte
1032,11032,3,286.97,2025-08-01,Vendedor_25,DF,Brasilia
1033,11033,2,117.4,2025-04-29,Vendedor_48,PR,Maringa
1034,11034,6,95.51,2025-07-24,Vendedor_9,MG,Uberlandia
1035,11035,5,161.71,2025-06-23,Vendedor_2,RJ,Rio de Janeiro
1036,11036,2,256.51,2025-03-17,Vendedor_14,RS,Porto Alegre
1037,11037,3,173.13,2025-02-24,Vendedor_46,DF,Brasilia
1038,11038,6,238.63,2025-08-06,Vendedor_42,PR,Londrina
1039,11039,5,226.77,2025-01-31,Vendedor_24,PE,Olinda
1040,11040,6,279.24,2025-08-09,Vendedor_41,RJ,Volta Redonda
1041,11041,4,209.91,2025-06-03,Vendedor_29,PE,Recife
1042,11042,1,192.65,2025-03-08,Vendedor_23,CE,Fortaleza
1043,11043,1,103.57,2025-05-03,Vendedor_48,RS,Caxias do Sul
1044,11044,4,92.15,2025-04-18,Vendedor_13,DF,Brasilia
1045,11045,3,81.89,2025-05-08,Vendedor_26,CE,Fortaleza
1046,11046,2,264.65,2025-05-02,Vendedor_22,PE,Recife
1047,11047,3,160.3,2025-04-14,Vendedor_40,RS,Caxias do Sul
1048,11048,5,104.34,2025-04-21,Vendedor_23,MG,Uberlandia
1049,11049,1,211.42,2025-01-09,Vendedor_31,DF,Brasilia
1050,11050,6,167.41,2025-05-15,Vendedor_30,PE,Recife
1051,11051,1,125.58,2025-04-29,Vendedor_26,DF,Brasilia
1052,11052,4,224.68,2025-01-15,Vendedor_38,MG,Juiz de Fora
1053,11053,5,171.25,2025-03-12,Vendedor_5,PR,Londrina
1054,11054,5,165.97,2025-04-14,Vendedor_46,RS,Caxias do Sul
1055,11055,1,267.96,2025-05-07,Vendedor_6,BA,Vitoria da Conquista
1056,11056,2,277.67,2025-05-16,Vendedor_1,GO,Goiania
1057,11057,5,235.75,2025-08-11,Vendedor_20,CE,Fortaleza
1058,11058,6,284.58,2025-02-08,Vendedor_27,BA,Vitoria da Conquista
1059,11059,3,263.58,2025-05-19,Vendedor_33,MG,Juiz de Fora
1060,11060,4,105.98,2025-08-19,Vendedor_21,CE,Sobral
1061,11061,3,230.81,2025-05-01,Vendedor_11,RS,Caxias do Sul
1062,11062,5,92.29,2025-02-18,Vendedor_46,PR,Londrina
1063,11063,4,115.03,2025-07-23,Vendedor_1,RJ,Niteroi
1064,11064,1,299.49,2025-03-31,Vendedor_43,PR,Maringa
1065,11065,3,264.27,2025-03-22,Vendedor_50,SP,Santos
1066,11066,3,135.58,2025-08-11,Vendedor_14,GO,Goiania
1067,11067,3,145.91,2025-08-04,Vendedor_19,PR,Maringa
1068,11068,6,291.22,2025-03-13,Vendedor_3,PR,Curitiba
1069,11069,3,150.84,2025-05-08,Vendedor_15,SP,Campinas
1070,11070,4,198.18,2025-05-11,Vendedor_29,SP,Sao Paulo
1071,11071,2,290.32,2025-07-30,Vendedor_48,RS,Pelotas
1072,11072,4,153.27,2025-07-06,Vendedor_1,CE,Juazeiro do Norte
1073,11073,5,101.22,2025-04-11,Vendedor_18,BA,Salvador
1074,11074,2,255.31,2025-04-16,Vendedor_30,RJ,Rio de Janeiro
1075,11075,3,113.62,2025-07-27,Vendedor_10,DF,Brasilia
1076,11076,1,233.18,2025-07-22,Vendedor_27,RJ,Rio de Janeiro
1077,11077,1,91.26,2025-07-30,Vendedor_3,BA,Salvador
1078,11078,1,126.98,2025-06-05,Vendedor_16,MG,Uberlandia
1079,11079,4,117.47,2025-08-27,Vendedor_10,RJ,Niteroi
1080,11080,5,169.13,2025-08-18,Vendedor_8,RS,Pelotas
1081,11081,5,131.86,2025-08-03,Vendedor_43,PE,Olinda
1082,11082,2,295.95,2025-02-11,Vendedor_28,GO,Aparecida de Goiania
1083,11083,1,142.34,2025-06-24,Vendedor_39,DF,Brasilia
1084,11084,1,148.99,2025-04-03,Vendedor_29,BA,Vitoria da Conquista
1085,11085,2,114.25,2025-08-30,Vendedor_41,RJ,Niteroi
1086,11086,3,262.36,2025-01-10,Vendedor_13,CE,Sobral
1087,11087,1,294.29,2025-08-25,Vendedor_49,SP,Campinas
1088,11088,6,172.49,2025-01-31,Vendedor_26,RJ,Rio de Janeiro
1089,11089,3,276.24,2025-03-03,Vendedor_49,RS,Pelotas
1090,11090,4,271.39,2025-05-29,Vendedor_4,RS,Caxias do Sul
1091,11091,3,230.45,2025-08-31,Vendedor_34,PE,Recife
1092,11092,2,257.52,2025-02-27,Vendedor_18,CE,Sobral
1093,11093,3,241.24,2025-07-31,Vendedor_22,BA,Salvador
1094,11094,4,229.28,2025-07-22,Vendedor_11,RJ,Rio de Janeiro
1095,11095,2,132.47,2025-01-05,Vendedor_9,RS,Porto Alegre
1096,11096,1,204.21,2025-01-06,Vendedor_34,GO,Anapolis
1097,11097,6,96.93,2025-07-10,Vendedor_41,PE,Recife
1098,11098,1,213.31,2025-07-02,Vendedor_18,DF,Brasilia
1099,11099,6,224.72,2025-07-01,Vendedor_22,RS,Porto Alegre
1100,11100,5,256.17,2025-07-30,Vendedor_41,RJ,Rio de Janeiro
1101,11101,5,191.44,2025-06-27,Vendedor_10,SP,Sao Paulo
1102,11102,1,115.53,2025-03-02,Vendedor_28,MG,Belo Horizonte
1103,11103,4,171.01,2025-08-31,Vendedor_23,PR,Maringa
1104,11104,6,291.61,2025-03-28,Vendedor_3,CE,Fortaleza
1105,11105,4,270.84,2025-07-02,Vendedor_7,RJ,Volta Redonda
1106,11106,1,296.86,2025-01-15,Vendedor_8,RS,Pelotas
1107,11107,4,172.3,2025-06-12,Vendedor_32,PR,Maringa
1108,11108,2,256.64,2025-03-05,Vendedor_44,BA,Salvador
1109,11109,3,114.15,2025-06-10,Vendedor_1,PR,Curitiba
1110,11110,6,299.27,2025-02-16,Vendedor_25,GO,Goiania
1111,11111,2,282.39,2025-03-24,Vendedor_26,BA,Vitoria da Conquista
1112,11112,2,287.35,2025-08-09,Vendedor_35,MG,Belo Horizonte
1113,11113,4,89.3,2025-01-15,Vendedor_13,PR,Londrina
1114,11114,1,172.33,2025-04-26,Vendedor_28,RJ,Niteroi
1115,11115,1,222.31,2025-05-26,Vendedor_11,BA,Vitoria da Conquista
1116,11116,1,279.63,2025-08-18,Vendedor_12,RS,Caxias do Sul
1117,11117,3,166.33,2025-08-06,Vendedor_43,SP,Campinas
1118,11118,6,235.38,2025-07-29,Vendedor_28,RJ,Rio de Janeiro
1119,11119,1,175.34,2025-05-30,Vendedor_25,PE,Olinda
1120,11120,1,260.21,2025-01-03,Vendedor_29,DF,Brasilia
1121,11121,4,84.08,2025-04-24,Vendedor_1,SP,Santos
1122,11122,5,174.49,2025-01-02,Vendedor_40,MG,Belo Horizonte
1123,11123,5,264.12,2025-07-20,Vendedor_23,CE,Juazeiro do Norte
1124,11124,4,174.87,2025-04-27,Vendedor_25,RS,Porto Alegre
1125,11125,1,102.04,2025-06-20,Vendedor_17,CE,Juazeiro do Norte
1126,11126,5,202.26,2025-06-22,Vendedor_7,RS,Porto Alegre
1127,11127,1,165.18,2025-08-10,Vendedor_42,PR,Londrina
1128,11128,2,148.0,2025-04-18,Vendedor_30,GO,Goiania
1129,11129,6,269.4,2025-05-17,Vendedor_6,CE,Sobral
1130,11130,3,176.92,2025-02-13,Vendedor_31,SP,Campinas
1131,11131,1,123.38,2025-06-15,Vendedor_8,BA,Vitoria da Conquista
1132,11132,4,102.54,2025-04-15,Vendedor_29,SP,Campinas
1133,11133,4,284.42,2025-04-18,Vendedor_44,PE,Petrolina
1134,11134,4,235.79,2025-01-17,Vendedor_25,PR,Curitiba
1135,11135,3,105.88,2025-02-28,Vendedor_9,RJ,Niteroi
1136,11136,6,95.6,2025-07-21,Vendedor_31,PE,Recife
1137,11137,1,199.02,2025-02-19,Vendedor_46,CE,Juazeiro do Norte
1138,11138,5,156.62,2025-03-03,Vendedor_46,MG,Uberlandia
1139,11139,6,214.71,2025-01-10,Vendedor_38,RJ,Volta Redonda
1140,11140,2,220.18,2025-01-24,Vendedor_29,BA,Feira de Santana
1141,11141,1,153.42,2025-07-28,Vendedor_16,GO,Aparecida de Goiania
1142,11142,3,181.68,2025-04-16,Vendedor_37,GO,Anapolis
1143,11143,1,274.16,2025-07-07,Vendedor_8,GO,Anapolis
1144,11144,6,255.21,2025-05-16,Vendedor_5,PR,Londrina
1145,11145,2,229.66,2025-05-27,Vendedor_36,RJ,Volta Redonda
1146,11146,3,268.7,2025-07-26,Vendedor_18,MG,Juiz de Fora
1147,11147,5,242.02,2025-08-02,Vendedor_3,RJ,Volta Redonda
1148,11148,1,237.73,2025-05-19,Vendedor_34,SP,Sao Paulo
1149,11149,3,178.17,2025-06-21,Vendedor_5,SP,Campinas
1150,11150,1,168.89,2025-05-21,Vendedor_8,GO,Goiania
1151,11151,3,134.31,2025-04-18,Vendedor_37,MG,Juiz de Fora
1152,11152,2,283.6,2025-08-26,Vendedor_12,SP,Sao Paulo
1153,11153,4,211.89,2025-07-27,Vendedor_18,PR,Londrina
1154,11154,6,238.99,2025-08-10,Vendedor_27,SP,Santos
1155,11155,1,91.76,2025-01-02,Vendedor_7,MG,Uberlandia
1156,11156,3,269.4,2025-04-15,Vendedor_43,GO,Aparecida de Goiania
1157,11157,3,124.37,2025-08-26,Vendedor_47,DF,Brasilia
1158,11158,3,226.68,2025-06-26,Vendedor_19,MG,Belo Horizonte
1159,11159,2,116.88,2025-07-10,Vendedor_40,DF,Brasilia
1160,11160,4,99.09,2025-04-15,Vendedor_50,SP,Santos
1161,11161,1,133.59,2025-07-14,Vendedor_18,CE,Sobral
1162,11162,3,157.35,2025-01-17,Vendedor_36,RS,Pelotas
1163,11163,6,97.02,2025-02-03,Vendedor_8,BA,Vitoria da Conquista
1164,11164,1,140.84,2025-07-27,Vendedor_29,BA,Feira de Santana
1165,11165,1,209.39,2025-02-12,Vendedor_18,DF,Brasilia
1166,11166,3,183.95,2025-06-12,Vendedor_5,BA,Salvador
1167,11167,5,239.68,2025-08-01,Vendedor_5,RS,Caxias do Sul
1168,11168,4,209.54,2025-06-23,Vendedor_41,CE,Fortaleza
1169,11169,3,258.88,2025-04-25,Vendedor_25,BA,Salvador
1170,11170,2,220.75,2025-02-27,Vendedor_1,PR,Londrina
1171,11171,1,105.53,2025-03-29,Vendedor_45,DF,Brasilia
1172,11172,1,234.8,2025-04-05,Vendedor_11,PE,Olinda
1173,11173,1,151.58,2025-03-19,Vendedor_14,PR,Londrina
1174,11174,2,85.53,2025-07-03,Vendedor_41,BA,Salvador
1175,11175,3,81.53,2025-06-19,Vendedor_46,GO,Goiania
1176,11176,6,129.05,2025-05-24,Vendedor_9,DF,Brasilia
1177,11177,4,121.77,2025-04-02,Vendedor_49,RS,Caxias do Sul
1178,11178,3,166.37,2025-07-06,Vendedor_47,PR,Maringa
1179,11179,5,283.28,2025-06-15,Vendedor_5,SP,Santos
1180,11180,2,206.27,2025-06-03,Vendedor_24,CE,Sobral
1181,11181,4,82.15,2025-01-22,Vendedor_6,SP,Sao Paulo
1182,11182,4,273.11,2025-06-01,Vendedor_17,RS,Porto Alegre
1183,11183,5,90.61,2025-03-03,Vendedor_11,BA,Vitoria da Conquista
1184,11184,5,289.66,2025-08-15,Vendedor_30,RS,Pelotas
1185,11185,2,281.1,2025-06-09,Vendedor_12,SP,Campinas
1186,11186,3,176.59,2025-07-12,Vendedor_15,GO,Anapolis
1187,11187,1,203.18,2025-06-07,Vendedor_14,MG,Juiz de Fora
1188,11188,1,167.04,2025-05-21,Vendedor_8,MG,Juiz de Fora
1189,11189,4,99.72,2025-04-17,Vendedor_48,DF,Brasilia
1190,11190,5,83.08,2025-06-26,Vendedor_48,CE,Sobral
1191,11191,4,183.94,2025-06-29,Vendedor_13,RS,Porto Alegre
1192,11192,2,283.64,2025-01-12,Vendedor_28,PR,Curitiba
1193,11193,6,91.94,2025-06-13,Vendedor_43,PE,Petrolina
1194,11194,4,240.87,2025-07-03,Vendedor_20,BA,Salvador
1195,11195,3,110.87,2025-04-09,Vendedor_49,MG,Belo Horizonte
1196,11196,3,240.32,2025-03-05,Vendedor_26,CE,Fortaleza
1197,11197,1,179.65,2025-08-30,Vendedor_41,GO,Aparecida de Goiania
1198,11198,2,177.11,2025-04-28,Vendedor_40,RS,Caxias do Sul
1199,11199,5,257.12,2025-08-21,Vendedor_40,RJ,Rio de Janeiro
1200,11200,1,118.62,2025-08-04,Vendedor_23,RJ,Volta Redonda
1201,11201,4,180.14,2025-01-01,Vendedor_15,GO,Anapolis
1202,11202,4,97.28,2025-05-29,Vendedor_28,RJ,Volta Redonda
1203,11203,3,231.16,2025-05-23,Vendedor_1,PR,Maringa
1204,11204,6,124.45,2025-04-07,Vendedor_18,SP,Sao Paulo
1205,11205,4,211.93,2025-03-01,Vendedor_49,MG,Juiz de Fora
1206,11206,5,174.34,2025-08-30,Vendedor_9,RS,Porto Alegre
1207,11207,3,277.33,2025-05-02,Vendedor_2,SP,Campinas
1208,11208,1,192.06,2025-03-20,Vendedor_50,RJ,Niteroi
1209,11209,5,258.04,2025-05-23,Vendedor_13,PE,Recife
1210,11210,3,279.11,2025-05-21,Vendedor_14,BA,Feira de Santana
1211,11211,6,92.85,2025-06-27,Vendedor_9,MG,Belo Horizonte
1212,11212,3,132.92,2025-01-31,Vendedor_26,PR,Curitiba
1213,11213,6,107.59,2025-05-08,Vendedor_32,DF,Brasilia
1214,11214,4,106.43,2025-05-25,Vendedor_3,RJ,Niteroi
1215,11215,6,85.48,2025-07-16,Vendedor_18,GO,Anapolis
1216,11216,6,202.55,2025-03-05,Vendedor_21,CE,Sobral
1217,11217,1,143.72,2025-05-09,Vendedor_31,DF,Brasilia
1218,11218,2,172.12,2025-02-09,Vendedor_24,RS,Porto Alegre
1219,11219,3,217.56,2025-06-02,Vendedor_34,CE,Juazeiro do Norte
1220,11220,6,205.21,2025-07-18,Vendedor_42,DF,Brasilia
1221,11221,5,177.76,2025-06-27,Vendedor_5,RS,Caxias do Sul
1222,11222,4,210.04,2025-03-31,Vendedor_32,RJ,Niteroi
1223,11223,6,116.56,2025-06-17,Vendedor_21,RS,Pelotas
1224,11224,4,191.34,2025-08-16,Vendedor_46,CE,Juazeiro do Norte
1225,11225,6,291.6,2025-03-29,Vendedor_27,MG,Uberlandia
1226,11226,1,287.87,2025-04-18,Vendedor_33,GO,Goiania
1227,11227,5,255.19,2025-03-20,Vendedor_3,SP,Campinas
1228,11228,6,214.31,2025-08-13,Vendedor_19,SP,Santos
1229,11229,4,163.51,2025-04-19,Vendedor_1,DF,Brasilia
1230,11230,5,109.59,2025-05-06,Vendedor_45,DF,Brasilia
1231,11231,4,270.64,2025-01-27,Vendedor_4,PE,Recife
1232,11232,2,256.57,2025-08-27,Vendedor_27,RJ,Niteroi
1233,11233,5,173.89,2025-01-11,Vendedor_42,MG,Belo Horizonte
1234,11234,5,208.7,2025-04-14,Vendedor_23,CE,Sobral
1235,11235,3,200.08,2025-01-11,Vendedor_4,PR,Maringa
1236,11236,5,103.81,2025-02-19,Vendedor_20,DF,Brasilia
1237,11237,6,242.29,2025-03-14,Vendedor_12,CE,Sobral
1238,11238,6,154.42,2025-03-10,Vendedor_31,PE,Olinda
1239,11239,4,174.56,2025-04-20,Vendedor_9,SP,Campinas
1240,11240,3,205.98,2025-08-06,Vendedor_13,RS,Pelotas
1241,11241,3,293.45,2025-04-30,Vendedor_34,GO,Aparecida de Goiania
1242,11242,5,214.33,2025-08-15,Vendedor_33,PE,Olinda
1243,11243,3,144.54,2025-05-02,Vendedor_40,SP,Campinas
1244,11244,5,85.01,2025-04-28,Vendedor_46,PE,Petrolina
1245,11245,5,147.7,2025-08-30,Vendedor_30,BA,Vitoria da Conquista
1246,11246,3,206.15,2025-01-15,Vendedor_47,BA,Salvador
1247,11247,4,196.25,2025-08-09,Vendedor_46,PR,Curitiba
1248,11248,3,255.72,2025-08-02,Vendedor_22,RJ,Niteroi
1249,11249,1,81.35,2025-02-07,Vendedor_7,DF,Brasilia
1250,11250,6,284.03,2025-04-28,Vendedor_36,MG,Juiz de Fora
1251,11251,5,262.18,2025-07-16,Vendedor_17,CE,Juazeiro do Norte
1252,11252,6,129.34,2025-04-13,Vendedor_9,RJ,Rio de Janeiro
1253,11253,2,102.66,2025-01-27,Vendedor_43,DF,Brasilia
1254,11254,2,238.95,2025-07-24,Vendedor_4,SP,Campinas
1255,11255,6,199.73,2025-05-17,Vendedor_38,PR,Londrina
1256,11256,6,249.62,2025-06-29,Vendedor_28,GO,Anapolis
1257,11257,2,122.33,2025-03-31,Vendedor_32,MG,Uberlandia
1258,11258,6,210.12,2025-06-10,Vendedor_18,CE,Sobral
1259,11259,2,279.7,2025-01-17,Vendedor_5,MG,Juiz de Fora
1260,11260,5,295.62,2025-06-09,Vendedor_2,CE,Juazeiro do Norte
1261,11261,5,245.05,2025-01-29,Vendedor_11,SP,Sao Paulo
1262,11262,6,297.93,2025-01-26,Vendedor_30,RS,Pelotas
1263,11263,3,291.16,2025-07-23,Vendedor_44,CE,Juazeiro do Norte
1264,11264,3,292.27,2025-06-08,Vendedor_27,RS,Pelotas
1265,11265,2,170.76,2025-05-02,Vendedor_48,PE,Olinda
1266,11266,5,107.45,2025-04-26,Vendedor_15,PR,Maringa
1267,11267,6,109.74,2025-05-30,Vendedor_24,DF,Brasilia
1268,11268,3,98.93,2025-08-06,Vendedor_19,DF,Brasilia
1269,11269,3,79.96,2025-04-07,Vendedor_40,CE,Sobral
1270,11270,3,166.96,2025-01-16,Vendedor_1,PR,Londrina
1271,11271,6,293.58,2025-07-19,Vendedor_28,RS,Pelotas
1272,11272,5,96.96,2025-03-21,Vendedor_8,PE,Petrolina
1273,11273,1,197.2,2025-01-30,Vendedor_22,RS,Caxias do Sul
1274,11274,2,261.4,2025-01-11,Vendedor_25,SP,Campinas
1275,11275,3,290.81,2025-06-25,Vendedor_18,PE,Olinda
1276,11276,6,223.87,2025-08-23,Vendedor_9,BA,Feira de Santana
1277,11277,3,278.02,2025-04-20,Vendedor_8,PE,Recife
1278,11278,2,183.03,2025-05-24,Vendedor_43,RS,Pelotas
1279,11279,5,135.38,2025-08-03,Vendedor_22,GO,Anapolis
1280,11280,6,97.25,2025-03-02,Vendedor_2,PE,Olinda
1281,11281,4,156.3,2025-01-02,Vendedor_37,RJ,Rio de Janeiro
1282,11282,2,209.06,2025-03-19,Vendedor_35,PE,Petrolina
1283,11283,2,295.99,2025-01-15,Vendedor_6,RJ,Rio de Janeiro
1284,11284,4,125.68,2025-01-24,Vendedor_11,RJ,Niteroi
1285,11285,4,200.9,2025-02-05,Vendedor_23,PR,Maringa
1286,11286,2,199.13,2025-03-07,Vendedor_43,RJ,Volta Redonda
1287,11287,3,111.07,2025-02-16,Vendedor_15,RJ,Volta Redonda
1288,11288,4,85.72,2025-08-14,Vendedor_19,SP,Santos
1289,11289,1,291.53,2025-06-07,Vendedor_42,MG,Uberlandia
1290,11290,6,291.44,2025-08-28,Vendedor_24,GO,Goiania
1291,11291,1,161.85,2025-04-11,Vendedor_10,GO,Aparecida de Goiania
1292,11292,6,124.64,2025-04-22,Vendedor_40,RS,Porto Alegre
1293,11293,2,256.95,2025-05-18,Vendedor_33,SP,Sao Paulo
1294,11294,3,113.75,2025-06-15,Vendedor_18,SP,Sao Paulo
1295,11295,4,267.42,2025-05-14,Vendedor_45,RS,Pelotas
1296,11296,2,176.41,2025-02-17,Vendedor_18,MG,Uberlandia
1297,11297,4,103.14,2025-08-01,Vendedor_45,CE,Sobral
1298,11298,6,294.08,2025-06-28,Vendedor_19,RS,Porto Alegre
1299,11299,6,90.57,2025-01-18,Vendedor_24,SP,Sao Paulo
1300,11300,1,163.03,2025-03-27,Vendedor_25,BA,Salvador
1301,11301,3,214.61,2025-01-27,Vendedor_40,MG,Belo Horizonte
1302,11302,6,123.46,2025-02-25,Vendedor_9,DF,Brasilia
1303,11303,1,218.63,2025-04-11,Vendedor_35,PR,Londrina
1304,11304,5,192.88,2025-05-17,Vendedor_28,RS,Pelotas
1305,11305,1,202.08,2025-04-21,Vendedor_28,DF,Brasilia
1306,11306,6,156.72,2025-02-27,Vendedor_13,DF,Brasilia
1307,11307,4,280.6,2025-05-28,Vendedor_41,SP,Sao Paulo
1308,11308,6,255.18,2025-05-08,Vendedor_32,GO,Anapolis
1309,11309,5,170.04,2025-06-04,Vendedor_23,RS,Caxias do Sul
1310,11310,1,231.0,2025-06-09,Vendedor_18,RS,Pelotas
1311,11311,5,143.75,2025-01-12,Vendedor_12,DF,Brasilia
1312,11312,1,277.92,2025-03-24,Vendedor_26,CE,Fortaleza
1313,11313,3,198.44,2025-04-08,Vendedor_21,CE,Juazeiro do Norte
1314,11314,6,201.29,2025-05-03,Vendedor_9,MG,Juiz de Fora
1315,11315,1,82.41,2025-06-14,Vendedor_46,SP,Santos
1316,11316,1,220.83,2025-05-21,Vendedor_21,CE,Juazeiro do Norte
1317,11317,1,85.99,2025-04-05,Vendedor_42,SP,Campinas
1318,11318,3,230.82,2025-05-18,Vendedor_47,PE,Recife
1319,11319,3,180.38,2025-05-22,Vendedor_23,MG,Juiz de Fora
1320,11320,1,193.62,2025-06-05,Vendedor_41,GO,Aparecida de Goiania
1321,11321,4,286.87,2025-01-15,Vendedor_6,DF,Brasilia
1322,11322,3,282.4,2025-07-27,Vendedor_29,SP,Sao Paulo
1323,11323,5,91.9,2025-08-03,Vendedor_1,MG,Belo Horizonte
1324,11324,5,288.74,2025-08-19,Vendedor_9,MG,Juiz de Fora
1325,11325,4,99.79,2025-05-09,Vendedor_3,SP,Santos
1326,11326,6,146.78,2025-06-08,Vendedor_9,SP,Sao Paulo
1327,11327,1,205.16,2025-03-10,Vendedor_24,DF,Brasilia
1328,11328,3,234.43,2025-05-12,Vendedor_44,SP,Campinas
1329,11329,4,260.78,2025-08-14,Vendedor_28,MG,Juiz de Fora
1330,11330,1,193.77,2025-02-17,Vendedor_26,MG,Uberlandia
1331,11331,2,150.25,2025-01-28,Vendedor_16,GO,Aparecida de Goiania
1332,11332,6,198.87,2025-04-24,Vendedor_7,PR,Maringa
1333,11333,5,99.19,2025-08-28,Vendedor_17,PE,Olinda
1334,11334,4,105.05,2025-03-02,Vendedor_48,BA,Salvador
1335,11335,3,220.91,2025-03-10,Vendedor_37,RS,Porto Alegre
1336,11336,2,159.35,2025-07-14,Vendedor_38,RS,Pelotas
1337,11337,6,90.19,2025-03-23,Vendedor_34,MG,Uberlandia
1338,11338,2,209.11,2025-01-20,Vendedor_19,MG,Uberlandia
1339,11339,6,288.75,2025-08-31,Vendedor_8,BA,Feira de Santana
1340,11340,6,159.07,2025-08-01,Vendedor_49,RJ,Volta Redonda
1341,11341,6,199.07,2025-04-07,Vendedor_23,RJ,Volta Redonda
1342,11342,2,291.55,2025-01-31,Vendedor_16,GO,Anapolis
1343,11343,1,134.44,2025-01-11,Vendedor_14,RS,Caxias do Sul
1344,11344,6,258.61,2025-07-15,Vendedor_18,MG,Uberlandia
1345,11345,5,139.29,2025-07-27,Vendedor_49,PE,Olinda
1346,11346,3,268.83,2025-05-09,Vendedor_25,RJ,Volta Redonda
1347,11347,3,121.7,2025-03-28,Vendedor_16,SP,Sao Paulo
1348,11348,1,123.82,2025-02-17,Vendedor_15,DF,Brasilia
1349,11349,4,85.62,2025-01-25,Vendedor_44,BA,Salvador
1350,11350,1,116.47,2025-02-14,Vendedor_25,DF,Brasilia
1351,11351,1,159.47,2025-01-03,Vendedor_32,PE,Recife
1352,11352,1,195.19,2025-08-25,Vendedor_25,PE,Recife
1353,11353,2,275.53,2025-01-04,Vendedor_25,MG,Belo Horizonte
1354,11354,2,218.45,2025-04-24,Vendedor_36,PE,Recife
1355,11355,2,179.46,2025-07-21,Vendedor_8,GO,Anapolis
1356,11356,1,285.27,2025-05-11,Vendedor_36,CE,Juazeiro do Norte
1357,11357,2,161.68,2025-04-29,Vendedor_40,RJ,Rio de Janeiro
1358,11358,1,103.35,2025-06-12,Vendedor_16,PE,Recife
1359,11359,6,288.09,2025-06-27,Vendedor_16,RS,Pelotas
1360,11360,5,214.72,2025-03-05,Vendedor_6,PR,Maringa
1361,11361,2,264.83,2025-02-10,Vendedor_38,BA,Vitoria da Conquista
1362,11362,4,94.34,2025-05-13,Vendedor_14,CE,Fortaleza
1363,11363,5,288.6,2025-04-21,Vendedor_21,MG,Juiz de Fora
1364,11364,6,295.49,2025-08-10,Vendedor_25,PE,Petrolina
1365,11365,3,82.47,2025-07-14,Vendedor_44,CE,Fortaleza
1366,11366,4,207.78,2025-06-07,Vendedor_28,MG,Belo Horizonte
1367,11367,4,171.01,2025-01-03,Vendedor_6,DF,Brasilia
1368,11368,2,192.16,2025-04-18,Vendedor_37,SP,Sao Paulo
1369,11369,2,119.25,2025-01-13,Vendedor_10,MG,Uberlandia
1370,11370,1,248.72,2025-07-13,Vendedor_46,PR,Curitiba
1371,11371,3,137.72,2025-06-16,Vendedor_7,BA,Vitoria da Conquista
1372,11372,6,217.85,2025-02-18,Vendedor_11,PE,Recife
1373,11373,4,105.24,2025-05-08,Vendedor_12,BA,Feira de Santana
1374,11374,2,200.86,2025-06-06,Vendedor_9,RJ,Niteroi
1375,11375,4,174.41,2025-03-12,Vendedor_47,RS,Pelotas
1376,11376,4,104.28,2025-06-13,Vendedor_5,RJ,Niteroi
1377,11377,1,89.67,2025-04-12,Vendedor_26,RS,Pelotas
1378,11378,5,267.65,2025-08-15,Vendedor_27,GO,Anapolis
1379,11379,1,198.87,2025-03-05,Vendedor_41,RS,Caxias do Sul
1380,11380,6,228.35,2025-01-23,Vendedor_42,CE,Fortaleza
1381,11381,4,230.3,2025-01-07,Vendedor_47,DF,Brasilia
1382,11382,5,142.07,2025-07-14,Vendedor_40,RJ,Niteroi
1383,11383,6,239.99,2025-07-06,Vendedor_14,PR,Londrina
1384,11384,6,88.34,2025-06-21,Vendedor_49,PR,Curitiba
1385,11385,6,96.47,2025-07-21,Vendedor_17,PE,Recife
1386,11386,5,114.0,2025-05-26,Vendedor_8,CE,Juazeiro do Norte
1387,11387,3,198.77,2025-08-21,Vendedor_1,DF,Brasilia
1388,11388,2,268.77,2025-08-14,Vendedor_42,RJ,Rio de Janeiro
1389,11389,5,181.5,2025-01-30,Vendedor_32,RS,Caxias do Sul
1390,11390,5,236.52,2025-03-14,Vendedor_6,PE,Olinda
1391,11391,6,151.1,2025-08-12,Vendedor_32,PR,Londrina
1392,11392,6,135.05,2025-02-25,Vendedor_46,DF,Brasilia
1393,11393,2,259.25,2025-01-10,Vendedor_5,BA,Salvador
1394,11394,3,140.24,2025-02-21,Vendedor_21,RS,Porto Alegre
1395,11395,5,172.19,2025-08-31,Vendedor_47,SP,Campinas
1396,11396,3,265.22,2025-06-06,Vendedor_29,GO,Goiania
1397,11397,3,211.77,2025-03-19,Vendedor_27,SP,Santos
1398,11398,5,211.87,2025-03-11,Vendedor_14,RJ,Rio de Janeiro
1399,11399,2,100.69,2025-03-10,Vendedor_37,BA,Salvador
1400,11400,6,136.99,2025-05-04,Vendedor_41,DF,Brasilia
1401,11401,3,160.33,2025-04-29,Vendedor_35,RS,Porto Alegre
1402,11402,2,186.86,2025-01-21,Vendedor_48,RS,Pelotas
1403,11403,4,211.72,2025-01-04,Vendedor_25,CE,Juazeiro do Norte
1404,11404,5,89.97,2025-05-14,Vendedor_50,BA,Feira de Santana
1405,11405,6,287.21,2025-07-29,Vendedor_24,DF,Brasilia
1406,11406,1,279.84,2025-07-19,Vendedor_27,CE,Sobral
1407,11407,5,267.0,2025-02-13,Vendedor_7,SP,Sao Paulo
1408,11408,6,204.1,2025-07-14,Vendedor_26,CE,Fortaleza
1409,11409,2,221.19,2025-03-06,Vendedor_1,GO,Goiania
1410,11410,5,245.44,2025-06-14,Vendedor_28,MG,Juiz de Fora
1411,11411,4,119.25,2025-08-03,Vendedor_21,SP,Sao Paulo
1412,11412,6,290.78,2025-06-04,Vendedor_37,SP,Santos
1413,11413,3,234.14,2025-04-10,Vendedor_16,RJ,Rio de Janeiro
1414,11414,1,102.89,2025-06-22,Vendedor_6,CE,Juazeiro do Norte
1415,11415,2,200.79,2025-06-22,Vendedor_21,DF,Brasilia
1416,11416,2,130.25,2025-07-31,Vendedor_2,RJ,Rio de Janeiro
1417,11417,1,133.04,2025-07-23,Vendedor_16,PE,Petrolina
1418,11418,5,237.42,2025-02-04,Vendedor_15,PR,Londrina
1419,11419,1,173.35,2025-01-05,Vendedor_16,SP,Campinas
1420,11420,2,104.4,2025-05-09,Vendedor_32,BA,Feira de Santana
1421,11421,6,113.39,2025-07-28,Vendedor_37,SP,Santos
1422,11422,5,99.44,2025-06-09,Vendedor_4,CE,Fortaleza
1423,11423,6,86.57,2025-05-07,Vendedor_21,DF,Brasilia
1424,11424,2,265.21,2025-05-12,Vendedor_27,PR,Curitiba
1425,11425,2,92.34,2025-03-07,Vendedor_24,CE,Sobral
1426,11426,4,188.89,2025-02-19,Vendedor_6,MG,Belo Horizonte
1427,11427,3,87.06,2025-08-05,Vendedor_34,RJ,Volta Redonda
1428,11428,3,243.14,2025-03-24,Vendedor_38,PR,Curitiba
1429,11429,1,92.09,2025-07-30,Vendedor_43,RJ,Niteroi
1430,11430,5,92.86,2025-06-23,Vendedor_18,RJ,Niteroi
1431,11431,2,159.69,2025-03-27,Vendedor_21,DF,Brasilia
1432,11432,3,159.33,2025-07-23,Vendedor_15,CE,Sobral
1433,11433,1,138.67,2025-05-01,Vendedor_30,RJ,Volta Redonda
1434,11434,5,287.92,2025-08-17,Vendedor_41,PE,Petrolina
1435,11435,6,151.68,2025-04-30,Vendedor_6,GO,Anapolis
1436,11436,5,106.5,2025-07-14,Vendedor_37,GO,Goiania
1437,11437,5,290.99,2025-04-25,Vendedor_15,RS,Pelotas
1438,11438,1,217.2,2025-05-16,Vendedor_18,GO,Aparecida de Goiania
1439,11439,2,79.96,2025-04-29,Vendedor_10,PE,Olinda
1440,11440,1,154.08,2025-08-09,Vendedor_3,GO,Anapolis
1441,11441,1,278.03,2025-06-02,Vendedor_27,BA,Vitoria da Conquista
1442,11442,4,204.59,2025-07-30,Vendedor_24,PE,Olinda
1443,11443,4,149.83,2025-04-20,Vendedor_4,DF,Brasilia
1444,11444,5,116.04,2025-03-16,Vendedor_11,PE,Olinda
1445,11445,6,236.5,2025-01-26,Vendedor_30,SP,Sao Paulo
1446,11446,4,202.15,2025-07-14,Vendedor_50,CE,Fortaleza
1447,11447,6,252.99,2025-08-27,Vendedor_1,DF,Brasilia
1448,11448,6,211.2,2025-04-20,Vendedor_8,SP,Santos
1449,11449,2,256.64,2025-07-02,Vendedor_11,PE,Olinda
1450,11450,2,137.53,2025-05-16,Vendedor_35,PR,Curitiba
1451,11451,4,120.5,2025-01-21,Vendedor_15,RJ,Rio de Janeiro
1452,11452,3,214.22,2025-08-31,Vendedor_48,SP,Santos
1453,11453,5,240.07,2025-03-06,Vendedor_9,BA,Feira de Santana
1454,11454,6,293.61,2025-08-11,Vendedor_44,BA,Feira de Santana
1455,11455,5,216.41,2025-03-03,Vendedor_40,SP,Santos
1456,11456,5,240.71,2025-08-22,Vendedor_12,PR,Maringa
1457,11457,5,161.57,2025-03-26,Vendedor_14,BA,Salvador
1458,11458,2,234.01,2025-06-15,Vendedor_6,BA,Salvador
1459,11459,6,250.01,2025-02-23,Vendedor_13,MG,Juiz de Fora
1460,11460,2,163.55,2025-01-27,Vendedor_19,PR,Maringa
1461,11461,5,271.79,2025-05-05,Vendedor_7,PR,Maringa
1462,11462,3,215.23,2025-05-01,Vendedor_16,MG,Uberlandia
1463,11463,1,86.7,2025-04-07,Vendedor_29,RS,Caxias do Sul
1464,11464,6,134.38,2025-04-21,Vendedor_36,RJ,Rio de Janeiro
1465,11465,5,238.59,2025-01-06,Vendedor_49,BA,Salvador
1466,11466,2,192.44,2025-03-08,Vendedor_2,MG,Juiz de Fora
1467,11467,2,176.95,2025-05-24,Vendedor_33,SP,Santos
1468,11468,6,293.16,2025-07-14,Vendedor_32,PR,Maringa
1469,11469,6,168.06,2025-03-04,Vendedor_49,BA,Salvador
1470,11470,6,106.42,2025-01-13,Vendedor_1,MG,Belo Horizonte
1471,11471,1,160.16,2025-06-14,Vendedor_2,DF,Brasilia
1472,11472,1,292.12,2025-01-03,Vendedor_46,PE,Recife
1473,11473,3,276.94,2025-05-25,Vendedor_40,PE,Petrolina
1474,11474,2,265.11,2025-03-17,Vendedor_38,MG,Belo Horizonte
1475,11475,1,251.48,2025-06-29,Vendedor_30,BA,Salvador
1476,11476,6,196.84,2025-02-10,Vendedor_27,MG,Uberlandia
1477,11477,6,157.18,2025-08-29,Vendedor_18,RJ,Niteroi
1478,11478,2,252.48,2025-08-13,Vendedor_40,BA,Vitoria da Conquista
1479,11479,3,127.95,2025-08-03,Vendedor_4,RS,Caxias do Sul
1480,11480,2,177.48,2025-06-08,Vendedor_16,BA,Salvador
1481,11481,4,265.47,2025-08-26,Vendedor_40,RJ,Rio de Janeiro
1482,11482,1,158.95,2025-07-09,Vendedor_32,BA,Feira de Santana
1483,11483,1,238.28,2025-06-27,Vendedor_22,DF,Brasilia
1484,11484,3,178.4,2025-01-11,Vendedor_31,SP,Campinas
1485,11485,3,110.78,2025-03-03,Vendedor_44,RS,Caxias do Sul
1486,11486,3,182.23,2025-04-30,Vendedor_15,DF,Brasilia
1487,11487,1,79.95,2025-01-18,Vendedor_43,MG,Belo Horizonte
1488,11488,1,248.41,2025-05-19,Vendedor_24,DF,Brasilia
1489,11489,4,127.39,2025-08-09,Vendedor_9,DF,Brasilia
1490,11490,1,161.57,2025-08-11,Vendedor_3,PE,Recife
1491,11491,2,156.75,2025-03-29,Vendedor_3,DF,Brasilia
1492,11492,6,189.06,2025-04-01,Vendedor_34,MG,Juiz de Fora
1493,11493,1,243.87,2025-05-27,Vendedor_2,RS,Caxias do Sul
1494,11494,1,224.05,2025-03-25,Vendedor_40,CE,Sobral
1495,11495,3,221.66,2025-01-17,Vendedor_31,RJ,Volta Redonda
1496,11496,1,290.88,2025-08-28,Vendedor_27,DF,Brasilia
1497,11497,4,96.11,2025-05-20,Vendedor_41,GO,Goiania
1498,11498,2,114.75,2025-08-12,Vendedor_17,BA,Feira de Santana
1499,11499,4,92.13,2025-07-13,Vendedor_10,PR,Maringa
1500,11500,5,142.73,2025-02-09,Vendedor_38,MG,Juiz de Fora
1501,11501,6,114.58,2025-06-30,Vendedor_25,PE,Olinda
1502,11502,2,154.64,2025-08-24,Vendedor_11,SP,Santos
1503,11503,5,205.13,2025-02-13,Vendedor_37,DF,Brasilia
1504,11504,1,110.42,2025-06-08,Vendedor_29,BA,Salvador
1505,11505,3,107.0,2025-02-08,Vendedor_11,MG,Uberlandia
1506,11506,4,215.05,2025-06-23,Vendedor_35,GO,Anapolis
1507,11507,2,133.64,2025-02-04,Vendedor_50,GO,Anapolis
1508,11508,2,139.45,2025-08-24,Vendedor_31,RJ,Niteroi
1509,11509,3,143.86,2025-03-04,Vendedor_28,SP,Santos
1510,11510,4,132.16,2025-07-13,Vendedor_13,PR,Curitiba
1511,11511,3,211.29,2025-08-05,Vendedor_33,DF,Brasilia
1512,11512,6,109.9,2025-05-12,Vendedor_14,RS,Pelotas
1513,11513,6,140.75,2025-08-17,Vendedor_31,GO,Goiania
1514,11514,5,295.93,2025-06-30,Vendedor_27,DF,Brasilia
1515,11515,6,165.69,2025-07-06,Vendedor_31,RJ,Rio de Janeiro
1516,11516,1,193.57,2025-08-19,Vendedor_36,GO,Anapolis
1517,11517,5,142.06,2025-04-10,Vendedor_12,PE,Recife
1518,11518,3,242.92,2025-03-07,Vendedor_45,DF,Brasilia
1519,11519,2,196.87,2025-07-03,Vendedor_31,RS,Caxias do Sul
1520,11520,4,169.21,2025-08-27,Vendedor_2,PR,Maringa
1521,11521,2,295.15,2025-08-01,Vendedor_3,SP,Campinas
1522,11522,3,86.02,2025-04-24,Vendedor_43,DF,Brasilia
1523,11523,3,123.87,2025-02-05,Vendedor_31,CE,Fortaleza
1524,11524,2,285.75,2025-08-13,Vendedor_28,CE,Fortaleza
1525,11525,2,298.83,2025-03-21,Vendedor_34,PR,Londrina
1526,11526,2,197.15,2025-08-19,Vendedor_32,MG,Juiz de Fora
1527,11527,6,279.42,2025-03-01,Vendedor_16,SP,Santos
1528,11528,4,233.17,2025-05-24,Vendedor_46,GO,Anapolis
1529,11529,1,289.64,2025-01-13,Vendedor_40,CE,Sobral
1530,11530,1,168.96,2025-03-18,Vendedor_17,PR,Maringa
1531,11531,3,214.24,2025-04-25,Vendedor_49,BA,Vitoria da Conquista
1532,11532,4,265.13,2025-02-25,Vendedor_19,CE,Juazeiro do Norte
1533,11533,2,117.65,2025-08-24,Vendedor_40,BA,Feira de Santana
1534,11534,1,114.22,2025-04-26,Vendedor_37,GO,Goiania
1535,11535,4,171.63,2025-08-20,Vendedor_28,MG,Belo Horizonte
1536,11536,2,108.71,2025-07-08,Vendedor_32,CE,Fortaleza
1537,11537,4,134.95,2025-05-15,Vendedor_3,SP,Campinas
1538,11538,4,226.97,2025-01-27,Vendedor_33,PE,Olinda
1539,11539,5,116.85,2025-07-07,Vendedor_20,CE,Juazeiro do Norte
1540,11540,4,228.56,2025-03-30,Vendedor_35,CE,Juazeiro do Norte
1541,11541,6,171.11,2025-07-09,Vendedor_35,MG,Uberlandia
1542,11542,6,297.84,2025-08-31,Vendedor_25,PE,Petrolina
1543,11543,5,266.33,2025-02-10,Vendedor_26,MG,Belo Horizonte
1544,11544,3,254.86,2025-03-25,Vendedor_46,PE,Olinda
1545,11545,6,145.2,2025-03-28,Vendedor_38,MG,Belo Horizonte
1546,11546,4,253.91,2025-01-20,Vendedor_27,RJ,Niteroi
1547,11547,6,167.84,2025-01-17,Vendedor_18,PR,Curitiba
1548,11548,1,205.84,2025-07-17,Vendedor_26,BA,Feira de Santana
1549,11549,4,181.61,2025-02-17,Vendedor_14,PR,Londrina
1550,11550,1,249.53,2025-05-16,Vendedor_7,PR,Curitiba
1551,11551,2,199.98,2025-01-27,Vendedor_17,CE,Sobral
1552,11552,1,217.84,2025-02-11,Vendedor_10,CE,Juazeiro do Norte
1553,11553,3,202.79,2025-05-18,Vendedor_10,BA,Vitoria da Conquista
1554,11554,4,277.03,2025-06-18,Vendedor_11,CE,Sobral
1555,11555,5,288.16,2025-06-14,Vendedor_16,CE,Fortaleza
1556,11556,6,174.46,2025-05-11,Vendedor_49,GO,Anapolis
1557,11557,4,191.53,2025-07-06,Vendedor_6,PE,Recife
1558,11558,5,117.98,2025-07-30,Vendedor_36,GO,Anapolis
1559,11559,5,148.41,2025-05-26,Vendedor_38,CE,Sobral
1560,11560,4,246.76,2025-04-14,Vendedor_28,GO,Aparecida de Goiania
1561,11561,1,221.58,2025-03-09,Vendedor_37,PE,Petrolina
1562,11562,2,213.58,2025-05-19,Vendedor_43,PR,Londrina
1563,11563,1,181.81,2025-01-31,Vendedor_25,BA,Feira de Santana
1564,11564,1,168.97,2025-03-06,Vendedor_34,PR,Maringa
1565,11565,3,131.29,2025-01-20,Vendedor_44,PR,Maringa
1566,11566,2,280.75,2025-07-04,Vendedor_25,MG,Juiz de Fora
1567,11567,1,294.4,2025-07-23,Vendedor_1,PE,Petrolina
1568,11568,6,127.02,2025-01-22,Vendedor_48,RS,Caxias do Sul
1569,11569,2,170.49,2025-03-26,Vendedor_47,GO,Anapolis
1570,11570,5,117.78,2025-04-25,Vendedor_35,PR,Londrina
1571,11571,6,236.04,2025-02-02,Vendedor_37,RS,Porto Alegre
1572,11572,4,225.93,2025-01-07,Vendedor_46,RS,Pelotas
1573,11573,4,84.58,2025-06-11,Vendedor_11,SP,Sao Paulo
1574,11574,4,148.43,2025-06-27,Vendedor_34,PE,Petrolina
1575,11575,6,151.21,2025-06-22,Vendedor_30,GO,Goiania
1576,11576,2,237.54,2025-04-23,Vendedor_1,BA,Feira de Santana
1577,11577,1,118.49,2025-04-06,Vendedor_29,GO,Aparecida de Goiania
1578,11578,2,282.51,2025-06-24,Vendedor_29,CE,Sobral
1579,11579,4,97.85,2025-08-02,Vendedor_9,DF,Brasilia
1580,11580,6,127.02,2025-04-14,Vendedor_19,BA,Vitoria da Conquista
1581,11581,1,85.44,2025-07-07,Vendedor_22,GO,Anapolis
1582,11582,3,298.08,2025-01-29,Vendedor_16,RS,Caxias do Sul
1583,11583,4,262.44,2025-01-01,Vendedor_22,RJ,Volta Redonda
1584,11584,1,229.16,2025-07-07,Vendedor_36,MG,Belo Horizonte
1585,11585,6,296.97,2025-04-14,Vendedor_43,PR,Londrina
1586,11586,1,83.43,2025-02-22,Vendedor_45,MG,Belo Horizonte
1587,11587,5,264.23,2025-08-10,Vendedor_2,DF,Brasilia
1588,11588,6,230.52,2025-03-24,Vendedor_20,BA,Salvador
1589,11589,3,114.93,2025-05-20,Vendedor_5,GO,Anapolis
1590,11590,3,255.18,2025-06-18,Vendedor_28,MG,Uberlandia
1591,11591,6,250.94,2025-07-08,Vendedor_20,RJ,Niteroi
1592,11592,5,145.45,2025-08-07,Vendedor_27,RJ,Niteroi
1593,11593,6,184.53,2025-04-08,Vendedor_16,SP,Sao Paulo
1594,11594,1,87.44,2025-01-22,Vendedor_39,BA,Vitoria da Conquista
1595,11595,3,81.23,2025-06-27,Vendedor_38,RS,Pelotas
1596,11596,6,137.63,2025-06-15,Vendedor_21,BA,Vitoria da Conquista
1597,11597,3,147.09,2025-05-13,Vendedor_36,RJ,Rio de Janeiro
1598,11598,2,268.05,2025-04-06,Vendedor_31,CE,Juazeiro do Norte
1599,11599,1,181.44,2025-04-01,Vendedor_35,PR,Curitiba
1600,11600,5,287.02,2025-03-10,Vendedor_41,RJ,Volta Redonda
1601,11601,4,224.55,2025-02-07,Vendedor_28,RJ,Volta Redonda
1602,11602,5,217.3,2025-02-08,Vendedor_41,CE,Juazeiro do Norte
1603,11603,2,150.92,2025-04-01,Vendedor_42,MG,Belo Horizonte
1604,11604,2,130.89,2025-03-19,Vendedor_11,MG,Juiz de Fora
1605,11605,4,181.65,2025-08-23,Vendedor_33,PR,Londrina
1606,11606,1,244.54,2025-04-14,Vendedor_45,MG,Juiz de Fora
1607,11607,6,160.69,2025-01-26,Vendedor_7,CE,Juazeiro do Norte
1608,11608,3,264.16,2025-08-08,Vendedor_4,SP,Sao Paulo
1609,11609,5,234.2,2025-05-13,Vendedor_13,MG,Uberlandia
1610,11610,5,114.46,2025-01-23,Vendedor_33,PE,Petrolina
1611,11611,4,155.05,2025-06-12,Vendedor_21,GO,Aparecida de Goiania
1612,11612,1,90.24,2025-07-04,Vendedor_40,BA,Feira de Santana
1613,11613,1,165.35,2025-08-06,Vendedor_9,PR,Maringa
1614,11614,3,186.19,2025-03-30,Vendedor_39,PE,Petrolina
1615,11615,5,262.71,2025-08-15,Vendedor_25,SP,Santos
1616,11616,6,170.07,2025-07-10,Vendedor_34,GO,Aparecida de Goiania
1617,11617,5,216.21,2025-06-12,Vendedor_46,GO,Anapolis
1618,11618,4,158.87,2025-06-05,Vendedor_11,SP,Campinas
1619,11619,5,230.98,2025-03-31,Vendedor_23,MG,Belo Horizonte
1620,11620,6,118.01,2025-02-03,Vendedor_29,PE,Petrolina
1621,11621,1,127.92,2025-08-11,Vendedor_36,MG,Belo Horizonte
1622,11622,6,268.94,2025-03-31,Vendedor_25,PE,Olinda
1623,11623,1,158.27,2025-03-18,Vendedor_25,SP,Santos
1624,11624,3,134.92,2025-07-29,Vendedor_48,SP,Santos
1625,11625,4,82.49,2025-01-28,Vendedor_13,RS,Caxias do Sul
1626,11626,5,237.73,2025-05-07,Vendedor_6,PE,Olinda
1627,11627,3,182.86,2025-07-11,Vendedor_7,RJ,Niteroi
1628,11628,6,118.07,2025-08-01,Vendedor_20,DF,Brasilia
1629,11629,6,272.39,2025-08-13,Vendedor_6,DF,Brasilia
1630,11630,1,255.55,2025-04-05,Vendedor_7,DF,Brasilia
1631,11631,1,140.84,2025-01-15,Vendedor_3,BA,Salvador
1632,11632,3,128.86,2025-07-10,Vendedor_33,BA,Feira de Santana
1633,11633,2,171.61,2025-06-25,Vendedor_17,DF,Brasilia
1634,11634,2,160.18,2025-03-26,Vendedor_35,SP,Sao Paulo
1635,11635,4,114.46,2025-05-09,Vendedor_39,PR,Londrina
1636,11636,1,295.76,2025-05-11,Vendedor_42,SP,Sao Paulo
1637,11637,6,153.47,2025-06-02,Vendedor_5,RS,Pelotas
1638,11638,3,196.54,2025-06-16,Vendedor_35,CE,Juazeiro do Norte
1639,11639,6,243.32,2025-05-02,Vendedor_8,PR,Curitiba
1640,11640,2,284.0,2025-05-17,Vendedor_49,PE,Petrolina
1641,11641,6,112.7,2025-06-03,Vendedor_38,PR,Londrina
1642,11642,4,111.06,2025-04-30,Vendedor_38,CE,Fortaleza
1643,11643,1,213.31,2025-05-24,Vendedor_21,DF,Brasilia
1644,11644,3,137.26,2025-04-06,Vendedor_36,MG,Uberlandia
1645,11645,4,226.38,2025-07-10,Vendedor_35,BA,Vitoria da Conquista
1646,11646,5,114.81,2025-01-29,Vendedor_20,RS,Pelotas
1647,11647,5,206.92,2025-03-06,Vendedor_14,RJ,Niteroi
1648,11648,4,241.05,2025-04-17,Vendedor_45,CE,Fortaleza
1649,11649,6,238.75,2025-06-03,Vendedor_38,PR,Curitiba
1650,11650,2,240.01,2025-06-08,Vendedor_46,MG,Uberlandia
1651,11651,4,222.68,2025-07-28,Vendedor_14,SP,Sao Paulo
1652,11652,2,298.31,2025-03-02,Vendedor_19,PE,Recife
1653,11653,2,291.35,2025-01-02,Vendedor_6,BA,Vitoria da Conquista
1654,11654,3,100.92,2025-03-30,Vendedor_46,MG,Belo Horizonte
1655,11655,1,161.46,2025-03-31,Vendedor_30,CE,Juazeiro do Norte
1656,11656,3,258.08,2025-08-19,Vendedor_3,PE,Petrolina
1657,11657,1,180.68,2025-01-12,Vendedor_3,MG,Uberlandia
1658,11658,1,145.06,2025-04-14,Vendedor_34,RJ,Volta Redonda
1659,11659,3,275.37,2025-04-02,Vendedor_43,MG,Belo Horizonte
1660,11660,1,165.27,2025-03-18,Vendedor_3,GO,Anapolis
1661,11661,2,85.74,2025-05-11,Vendedor_29,BA,Feira de Santana
1662,11662,5,180.83,2025-02-01,Vendedor_21,DF,Brasilia
1663,11663,2,168.61,2025-05-08,Vendedor_21,CE,Fortaleza
1664,11664,6,128.2,2025-01-14,Vendedor_3,CE,Sobral
1665,11665,4,158.97,2025-06-21,Vendedor_37,SP,Campinas
1666,11666,1,107.01,2025-07-26,Vendedor_17,GO,Anapolis
1667,11667,6,205.99,2025-08-25,Vendedor_22,BA,Salvador
1668,11668,3,172.26,2025-05-04,Vendedor_10,MG,Uberlandia
1669,11669,5,103.33,2025-04-27,Vendedor_44,BA,Vitoria da Conquista
1670,11670,3,298.76,2025-06-17,Vendedor_8,RJ,Volta Redonda
1671,11671,1,294.67,2025-04-25,Vendedor_42,GO,Anapolis
1672,11672,5,268.23,2025-06-05,Vendedor_50,DF,Brasilia
1673,11673,1,134.56,2025-05-20,Vendedor_12,CE,Fortaleza
1674,11674,1,100.91,2025-02-26,Vendedor_12,SP,Sao Paulo
1675,11675,1,165.74,2025-01-13,Vendedor_14,BA,Salvador
1676,11676,4,250.1,2025-02-03,Vendedor_17,PE,Petrolina
1677,11677,5,271.49,2025-04-19,Vendedor_17,RJ,Volta Redonda
1678,11678,6,166.17,2025-06-23,Vendedor_30,RS,Porto Alegre
1679,11679,6,170.56,2025-07-09,Vendedor_44,BA,Salvador
1680,11680,4,81.65,2025-01-13,Vendedor_13,PE,Recife
1681,11681,2,267.09,2025-01-12,Vendedor_6,PR,Londrina
1682,11682,4,162.98,2025-08-16,Vendedor_19,RS,Caxias do Sul
1683,11683,2,297.0,2025-06-30,Vendedor_26,MG,Juiz de Fora
1684,11684,5,156.23,2025-05-29,Vendedor_13,PE,Recife
1685,11685,3,80.5,2025-02-22,Vendedor_30,PR,Curitiba
1686,11686,5,127.73,2025-05-06,Vendedor_38,GO,Aparecida de Goiania
1687,11687,2,199.21,2025-01-31,Vendedor_50,BA,Salvador
1688,11688,5,255.69,2025-02-24,Vendedor_23,RS,Pelotas
1689,11689,5,85.0,2025-04-21,Vendedor_5,DF,Brasilia
1690,11690,4,82.94,2025-07-14,Vendedor_48,RJ,Volta Redonda
1691,11691,1,139.34,2025-04-26,Vendedor_11,PE,Petrolina
1692,11692,1,119.56,2025-05-02,Vendedor_23,SP,Sao Paulo
1693,11693,1,186.71,2025-07-27,Vendedor_17,CE,Juazeiro do Norte
1694,11694,4,277.51,2025-03-07,Vendedor_41,RS,Porto Alegre
1695,11695,4,131.08,2025-01-02,Vendedor_20,CE,Fortaleza
1696,11696,2,160.18,2025-05-02,Vendedor_30,CE,Sobral
1697,11697,2,239.1,2025-02-16,Vendedor_13,CE,Fortaleza
1698,11698,6,201.36,2025-02-17,Vendedor_19,PR,Maringa
1699,11699,6,120.39,2025-08-14,Vendedor_31,DF,Brasilia
1700,11700,6,141.5,2025-04-01,Vendedor_7,BA,Feira de Santana
1701,11701,1,248.63,2025-06-03,Vendedor_45,MG,Juiz de Fora
1702,11702,1,104.87,2025-01-11,Vendedor_4,RS,Porto Alegre
1703,11703,4,88.73,2025-06-20,Vendedor_8,PR,Londrina
1704,11704,5,258.21,2025-01-22,Vendedor_12,MG,Juiz de Fora
1705,11705,6,89.03,2025-07-14,Vendedor_16,CE,Fortaleza
1706,11706,4,140.1,2025-07-21,Vendedor_9,RS,Porto Alegre
1707,11707,3,207.33,2025-04-18,Vendedor_50,RS,Pelotas
1708,11708,1,84.44,2025-06-10,Vendedor_9,RJ,Niteroi
1709,11709,6,277.67,2025-03-06,Vendedor_22,PR,Curitiba
1710,11710,4,281.49,2025-04-07,Vendedor_28,GO,Aparecida de Goiania
1711,11711,2,165.32,2025-05-07,Vendedor_13,CE,Juazeiro do Norte
1712,11712,6,265.77,2025-07-26,Vendedor_46,CE,Fortaleza
1713,11713,4,84.49,2025-02-19,Vendedor_1,MG,Belo Horizonte
1714,11714,6,106.48,2025-01-10,Vendedor_35,CE,Juazeiro do Norte
1715,11715,6,125.07,2025-01-30,Vendedor_42,DF,Brasilia
1716,11716,3,139.29,2025-07-24,Vendedor_24,CE,Sobral
1717,11717,3,214.28,2025-06-25,Vendedor_27,BA,Feira de Santana
1718,11718,1,293.32,2025-08-18,Vendedor_27,DF,Brasilia
1719,11719,1,114.33,2025-07-06,Vendedor_37,CE,Juazeiro do Norte
1720,11720,6,265.89,2025-03-31,Vendedor_27,CE,Juazeiro do Norte
1721,11721,3,248.73,2025-01-25,Vendedor_34,PR,Londrina
1722,11722,2,163.6,2025-08-13,Vendedor_8,RJ,Niteroi
1723,11723,5,205.06,2025-04-16,Vendedor_34,RJ,Volta Redonda
1724,11724,2,157.6,2025-01-15,Vendedor_21,GO,Aparecida de Goiania
1725,11725,6,133.35,2025-08-06,Vendedor_35,PE,Recife
1726,11726,1,109.18,2025-06-29,Vendedor_17,DF,Brasilia
1727,11727,1,225.04,2025-03-03,Vendedor_23,SP,Santos
1728,11728,4,119.72,2025-06-30,Vendedor_8,SP,Campinas
1729,11729,5,270.67,2025-08-06,Vendedor_16,RJ,Niteroi
1730,11730,5,211.24,2025-07-05,Vendedor_31,BA,Feira de Santana
1731,11731,2,230.48,2025-08-25,Vendedor_44,RS,Porto Alegre
1732,11732,6,215.67,2025-04-19,Vendedor_12,MG,Juiz de Fora
1733,11733,2,221.4,2025-05-25,Vendedor_30,MG,Uberlandia
1734,11734,4,276.84,2025-04-04,Vendedor_24,CE,Fortaleza
1735,11735,6,151.08,2025-08-31,Vendedor_31,GO,Aparecida de Goiania
1736,11736,6,236.5,2025-01-16,Vendedor_42,MG,Belo Horizonte
1737,11737,1,116.37,2025-08-26,Vendedor_12,RS,Pelotas
1738,11738,2,221.19,2025-08-22,Vendedor_44,RS,Porto Alegre
1739,11739,6,169.12,2025-05-10,Vendedor_22,BA,Salvador
1740,11740,4,265.88,2025-07-23,Vendedor_17,GO,Aparecida de Goiania
1741,11741,3,156.05,2025-08-16,Vendedor_4,PE,Recife
1742,11742,3,268.05,2025-05-21,Vendedor_33,PE,Recife
1743,11743,6,180.47,2025-04-03,Vendedor_25,SP,Campinas
1744,11744,4,277.05,2025-07-16,Vendedor_15,GO,Anapolis
1745,11745,3,299.72,2025-02-25,Vendedor_41,GO,Anapolis
1746,11746,3,295.58,2025-01-29,Vendedor_19,MG,Uberlandia
1747,11747,6,176.65,2025-08-24,Vendedor_16,PE,Petrolina
1748,11748,3,292.43,2025-03-28,Vendedor_30,PE,Olinda
1749,11749,1,266.72,2025-08-18,Vendedor_9,CE,Juazeiro do Norte
1750,11750,4,82.64,2025-07-04,Vendedor_22,SP,Campinas
1751,11751,5,151.62,2025-02-12,Vendedor_33,CE,Juazeiro do Norte
1752,11752,1,99.62,2025-06-01,Vendedor_35,PE,Petrolina
1753,11753,2,109.38,2025-01-23,Vendedor_48,DF,Brasilia
1754,11754,3,280.3,2025-08-19,Vendedor_8,BA,Salvador
1755,11755,6,146.19,2025-04-15,Vendedor_44,CE,Fortaleza
1756,11756,3,207.68,2025-07-23,Vendedor_39,RS,Pelotas
1757,11757,1,180.83,2025-05-25,Vendedor_38,RJ,Volta Redonda
1758,11758,3,282.6,2025-08-12,Vendedor_41,CE,Fortaleza
1759,11759,2,131.57,2025-01-23,Vendedor_46,PE,Olinda
1760,11760,2,177.07,2025-03-11,Vendedor_16,PR,Londrina
1761,11761,3,98.68,2025-04-24,Vendedor_38,CE,Sobral
1762,11762,5,218.42,2025-02-08,Vendedor_7,BA,Vitoria da Conquista
1763,11763,4,274.84,2025-01-02,Vendedor_15,SP,Santos
1764,11764,3,147.14,2025-06-27,Vendedor_47,MG,Uberlandia
1765,11765,1,254.43,2025-07-20,Vendedor_37,MG,Belo Horizonte
1766,11766,4,109.61,2025-03-08,Vendedor_25,DF,Brasilia
1767,11767,4,182.63,2025-04-15,Vendedor_47,CE,Juazeiro do Norte
1768,11768,2,140.94,2025-08-02,Vendedor_9,RS,Porto Alegre
1769,11769,6,226.94,2025-04-10,Vendedor_28,RS,Pelotas
1770,11770,3,231.49,2025-06-24,Vendedor_12,RJ,Rio de Janeiro
1771,11771,1,169.62,2025-08-26,Vendedor_44,RJ,Rio de Janeiro
1772,11772,1,153.43,2025-05-19,Vendedor_42,PE,Olinda
1773,11773,4,250.7,2025-02-08,Vendedor_47,RJ,Niteroi
1774,11774,4,199.3,2025-02-15,Vendedor_16,BA,Salvador
1775,11775,1,199.94,2025-03-04,Vendedor_20,SP,Santos
1776,11776,3,253.53,2025-02-08,Vendedor_44,DF,Brasilia
1777,11777,3,216.56,2025-05-20,Vendedor_28,PR,Londrina
1778,11778,3,112.7,2025-05-12,Vendedor_4,RJ,Niteroi
1779,11779,4,103.7,2025-08-31,Vendedor_44,DF,Brasilia
1780,11780,5,136.58,2025-02-21,Vendedor_18,RS,Caxias do Sul
1781,11781,6,160.73,2025-05-14,Vendedor_17,DF,Brasilia
1782,11782,6,139.21,2025-07-02,Vendedor_34,BA,Feira de Santana
1783,11783,5,132.14,2025-04-10,Vendedor_10,BA,Feira de Santana
1784,11784,3,93.27,2025-03-20,Vendedor_30,RJ,Rio de Janeiro
1785,11785,4,193.39,2025-05-23,Vendedor_32,PE,Recife
1786,11786,4,84.44,2025-06-17,Vendedor_29,RJ,Rio de Janeiro
1787,11787,4,193.59,2025-06-29,Vendedor_13,RS,Pelotas
1788,11788,4,110.05,2025-05-02,Vendedor_9,BA,Feira de Santana
1789,11789,5,272.26,2025-08-01,Vendedor_6,DF,Brasilia
1790,11790,5,166.4,2025-08-10,Vendedor_20,RS,Caxias do Sul
1791,11791,6,250.09,2025-01-17,Vendedor_23,RJ,Volta Redonda
1792,11792,3,134.48,2025-03-17,Vendedor_4,PR,Maringa
1793,11793,4,298.0,2025-07-18,Vendedor_11,DF,Brasilia
1794,11794,6,180.03,2025-08-31,Vendedor_33,CE,Juazeiro do Norte
1795,11795,6,230.82,2025-06-18,Vendedor_20,BA,Feira de Santana
1796,11796,5,279.54,2025-07-21,Vendedor_24,CE,Fortaleza
1797,11797,2,144.52,2025-03-21,Vendedor_48,MG,Belo Horizonte
1798,11798,6,167.71,2025-01-06,Vendedor_2,BA,Feira de Santana
1799,11799,6,223.9,2025-03-26,Vendedor_11,GO,Anapolis
1800,11800,1,114.99,2025-01-22,Vendedor_40,RS,Caxias do Sul
1801,11801,6,234.25,2025-04-13,Vendedor_20,PE,Petrolina
1802,11802,2,259.11,2025-02-14,Vendedor_33,RS,Porto Alegre
1803,11803,2,212.15,2025-05-21,Vendedor_2,PR,Londrina
1804,11804,2,150.43,2025-04-17,Vendedor_39,PR,Londrina
1805,11805,2,216.63,2025-03-10,Vendedor_19,BA,Vitoria da Conquista
1806,11806,6,275.23,2025-01-04,Vendedor_13,BA,Feira de Santana
1807,11807,2,135.58,2025-03-25,Vendedor_13,MG,Belo Horizonte
1808,11808,5,271.43,2025-07-14,Vendedor_5,RJ,Rio de Janeiro
1809,11809,3,241.31,2025-01-24,Vendedor_34,SP,Campinas
1810,11810,1,177.01,2025-08-02,Vendedor_38,BA,Feira de Santana
1811,11811,5,299.57,2025-07-02,Vendedor_48,PE,Recife
1812,11812,6,110.66,2025-06-28,Vendedor_28,PE,Petrolina
1813,11813,3,175.42,2025-03-14,Vendedor_9,BA,Feira de Santana
1814,11814,2,234.17,2025-04-05,Vendedor_3,BA,Feira de Santana
1815,11815,2,83.17,2025-05-23,Vendedor_23,RJ,Volta Redonda
1816,11816,5,276.47,2025-06-19,Vendedor_41,PR,Londrina
1817,11817,5,156.85,2025-07-18,Vendedor_49,RJ,Volta Redonda
1818,11818,3,124.45,2025-07-26,Vendedor_11,PE,Recife
1819,11819,2,147.79,2025-07-27,Vendedor_28,DF,Brasilia
1820,11820,6,123.42,2025-08-18,Vendedor_50,PE,Petrolina
1821,11821,1,80.68,2025-05-24,Vendedor_47,SP,Campinas
1822,11822,5,90.96,2025-03-09,Vendedor_15,DF,Brasilia
1823,11823,3,118.73,2025-02-02,Vendedor_34,GO,Anapolis
1824,11824,1,226.81,2025-01-25,Vendedor_21,DF,Brasilia
1825,11825,1,80.12,2025-05-12,Vendedor_40,SP,Campinas
1826,11826,1,233.28,2025-01-15,Vendedor_9,MG,Juiz de Fora
1827,11827,5,111.23,2025-01-12,Vendedor_18,DF,Brasilia
1828,11828,3,191.45,2025-04-19,Vendedor_15,RJ,Niteroi
1829,11829,2,160.31,2025-04-15,Vendedor_40,RJ,Niteroi
1830,11830,6,184.45,2025-02-05,Vendedor_42,RS,Caxias do Sul
1831,11831,6,227.89,2025-06-17,Vendedor_35,RS,Pelotas
1832,11832,2,122.87,2025-07-21,Vendedor_44,BA,Salvador
1833,11833,3,114.53,2025-05-10,Vendedor_10,PE,Petrolina
1834,11834,5,284.25,2025-03-13,Vendedor_49,DF,Brasilia
1835,11835,5,89.26,2025-07-15,Vendedor_7,CE,Sobral
1836,11836,1,194.62,2025-08-04,Vendedor_23,RJ,Rio de Janeiro
1837,11837,3,195.82,2025-07-15,Vendedor_40,RS,Caxias do Sul
1838,11838,5,84.72,2025-08-28,Vendedor_33,GO,Anapolis
1839,11839,1,168.94,2025-05-20,Vendedor_13,PE,Petrolina
1840,11840,4,176.93,2025-08-28,Vendedor_1,DF,Brasilia
1841,11841,2,277.9,2025-03-25,Vendedor_17,RJ,Niteroi
1842,11842,2,99.26,2025-06-12,Vendedor_22,RS,Porto Alegre
1843,11843,4,243.88,2025-06-12,Vendedor_23,PE,Olinda
1844,11844,4,207.27,2025-05-17,Vendedor_44,SP,Sao Paulo
1845,11845,6,270.47,2025-07-22,Vendedor_27,SP,Sao Paulo
1846,11846,2,89.78,2025-07-03,Vendedor_3,SP,Campinas
1847,11847,5,172.15,2025-01-30,Vendedor_45,PE,Petrolina
1848,11848,2,202.29,2025-02-06,Vendedor_21,SP,Campinas
1849,11849,5,112.18,2025-03-23,Vendedor_19,DF,Brasilia
1850,11850,2,121.28,2025-06-13,Vendedor_31,DF,Brasilia
1851,11851,1,204.13,2025-02-23,Vendedor_50,PR,Maringa
1852,11852,5,208.67,2025-05-08,Vendedor_18,PE,Olinda
1853,11853,1,109.09,2025-03-01,Vendedor_35,DF,Brasilia
1854,11854,1,184.71,2025-04-19,Vendedor_38,RJ,Niteroi
1855,11855,1,111.98,2025-07-25,Vendedor_27,MG,Juiz de Fora
1856,11856,1,95.79,2025-08-02,Vendedor_35,MG,Uberlandia
1857,11857,2,254.37,2025-07-17,Vendedor_31,BA,Vitoria da Conquista
1858,11858,6,105.46,2025-04-09,Vendedor_33,RJ,Rio de Janeiro
1859,11859,4,106.32,2025-03-09,Vendedor_20,GO,Goiania
1860,11860,3,209.85,2025-04-12,Vendedor_25,BA,Feira de Santana
1861,11861,1,139.28,2025-03-04,Vendedor_20,SP,Santos
1862,11862,2,195.68,2025-08-27,Vendedor_13,RS,Pelotas
1863,11863,3,90.13,2025-08-29,Vendedor_23,PE,Recife
1864,11864,2,206.59,2025-05-17,Vendedor_28,BA,Salvador
1865,11865,1,194.38,2025-05-06,Vendedor_20,RJ,Rio de Janeiro
1866,11866,2,292.24,2025-08-08,Vendedor_21,PR,Curitiba
1867,11867,3,233.39,2025-07-24,Vendedor_38,MG,Belo Horizonte
1868,11868,4,298.79,2025-08-31,Vendedor_3,PE,Petrolina
1869,11869,6,262.41,2025-06-16,Vendedor_22,MG,Belo Horizonte
1870,11870,1,291.74,2025-02-28,Vendedor_43,GO,Goiania
1871,11871,1,277.54,2025-05-18,Vendedor_34,RS,Porto Alegre
1872,11872,1,289.71,2025-06-07,Vendedor_10,BA,Feira de Santana
1873,11873,6,235.13,2025-07-22,Vendedor_50,DF,Brasilia
1874,11874,6,111.72,2025-03-23,Vendedor_17,SP,Santos
1875,11875,2,279.77,2025-06-21,Vendedor_19,PE,Petrolina
1876,11876,5,191.73,2025-03-03,Vendedor_5,PE,Petrolina
1877,11877,1,189.52,2025-08-09,Vendedor_5,RS,Caxias do Sul
1878,11878,1,200.42,2025-01-10,Vendedor_34,SP,Sao Paulo
1879,11879,2,126.09,2025-03-11,Vendedor_47,PR,Curitiba
1880,11880,2,125.85,2025-07-23,Vendedor_33,RS,Pelotas
1881,11881,1,204.78,2025-04-30,Vendedor_15,PR,Curitiba
1882,11882,5,250.74,2025-01-20,Vendedor_47,SP,Sao Paulo
1883,11883,2,102.24,2025-02-18,Vendedor_2,MG,Uberlandia
1884,11884,2,242.52,2025-03-15,Vendedor_36,CE,Sobral
1885,11885,6,120.31,2025-07-27,Vendedor_22,RS,Pelotas
1886,11886,6,171.08,2025-02-15,Vendedor_6,MG,Belo Horizonte
1887,11887,1,95.38,2025-06-23,Vendedor_27,DF,Brasilia
1888,11888,5,215.39,2025-07-12,Vendedor_42,PE,Recife
1889,11889,3,267.41,2025-02-03,Vendedor_38,RS,Porto Alegre
1890,11890,6,181.35,2025-08-28,Vendedor_29,RS,Pelotas
1891,11891,3,268.81,2025-05-02,Vendedor_16,PE,Olinda
1892,11892,6,233.92,2025-02-18,Vendedor_35,BA,Salvador
1893,11893,1,243.49,2025-05-24,Vendedor_41,DF,Brasilia
1894,11894,5,160.45,2025-04-17,Vendedor_42,BA,Salvador
1895,11895,6,154.24,2025-08-29,Vendedor_6,RS,Porto Alegre
1896,11896,5,109.18,2025-02-06,Vendedor_34,RJ,Volta Redonda
1897,11897,2,206.51,2025-07-28,Vendedor_43,PR,Londrina
1898,11898,1,297.19,2025-03-22,Vendedor_41,BA,Salvador
1899,11899,3,197.92,2025-03-15,Vendedor_34,PE,Recife
1900,11900,2,198.41,2025-05-01,Vendedor_25,PE,Recife
1901,11901,6,161.8,2025-03-19,Vendedor_28,SP,Santos
1902,11902,1,133.25,2025-06-17,Vendedor_38,BA,Feira de Santana
1903,11903,2,294.09,2025-02-18,Vendedor_46,RS,Porto Alegre
1904,11904,1,173.48,2025-02-08,Vendedor_42,BA,Salvador
1905,11905,2,112.07,2025-02-17,Vendedor_13,RJ,Volta Redonda
1906,11906,2,147.95,2025-04-27,Vendedor_13,PE,Recife
1907,11907,5,241.04,2025-03-28,Vendedor_39,RS,Pelotas
1908,11908,6,290.8,2025-08-28,Vendedor_35,BA,Feira de Santana
1909,11909,4,132.96,2025-02-04,Vendedor_3,CE,Sobral
1910,11910,1,184.04,2025-03-11,Vendedor_36,BA,Feira de Santana
1911,11911,5,147.77,2025-01-28,Vendedor_29,MG,Belo Horizonte
1912,11912,1,152.33,2025-06-17,Vendedor_22,GO,Anapolis
1913,11913,5,99.73,2025-05-01,Vendedor_7,SP,Sao Paulo
1914,11914,3,211.05,2025-01-18,Vendedor_5,PR,Maringa
1915,11915,5,140.53,2025-02-07,Vendedor_43,CE,Juazeiro do Norte
1916,11916,3,128.11,2025-08-31,Vendedor_38,GO,Goiania
1917,11917,6,109.1,2025-06-29,Vendedor_10,MG,Juiz de Fora
1918,11918,6,176.7,2025-03-29,Vendedor_1,SP,Santos
1919,11919,6,169.06,2025-07-08,Vendedor_8,BA,Salvador
1920,11920,3,246.72,2025-03-18,Vendedor_22,BA,Vitoria da Conquista
1921,11921,2,172.02,2025-03-08,Vendedor_22,PR,Curitiba
1922,11922,4,287.73,2025-02-16,Vendedor_15,CE,Sobral
1923,11923,1,178.95,2025-02-05,Vendedor_39,MG,Juiz de Fora
1924,11924,3,192.81,2025-05-21,Vendedor_30,PE,Olinda
1925,11925,1,282.21,2025-02-20,Vendedor_18,CE,Sobral
1926,11926,6,104.77,2025-05-23,Vendedor_6,PE,Olinda
1927,11927,2,163.18,2025-06-09,Vendedor_12,RJ,Rio de Janeiro
1928,11928,4,120.1,2025-02-20,Vendedor_39,CE,Fortaleza
1929,11929,2,198.07,2025-07-29,Vendedor_46,PR,Curitiba
1930,11930,6,261.68,2025-01-10,Vendedor_2,PR,Curitiba
1931,11931,4,275.97,2025-07-20,Vendedor_6,CE,Sobral
1932,11932,3,88.47,2025-05-11,Vendedor_22,MG,Belo Horizonte
1933,11933,5,162.5,2025-06-06,Vendedor_44,PR,Maringa
1934,11934,4,162.39,2025-05-23,Vendedor_4,SP,Santos
1935,11935,2,241.05,2025-08-29,Vendedor_15,RS,Porto Alegre
1936,11936,6,262.2,2025-01-09,Vendedor_37,PR,Curitiba
1937,11937,1,153.82,2025-01-31,Vendedor_50,PE,Recife
1938,11938,3,183.32,2025-04-06,Vendedor_33,BA,Vitoria da Conquista
1939,11939,6,98.74,2025-03-10,Vendedor_30,PE,Petrolina
1940,11940,4,98.78,2025-03-26,Vendedor_41,SP,Sao Paulo
1941,11941,6,240.03,2025-05-11,Vendedor_18,CE,Juazeiro do Norte
1942,11942,3,261.81,2025-04-23,Vendedor_40,GO,Anapolis
1943,11943,3,140.77,2025-04-22,Vendedor_14,PE,Recife
1944,11944,4,202.8,2025-08-24,Vendedor_43,PE,Recife
1945,11945,1,197.24,2025-08-16,Vendedor_43,PE,Petrolina
1946,11946,3,274.31,2025-04-01,Vendedor_20,DF,Brasilia
1947,11947,3,95.3,2025-03-16,Vendedor_36,DF,Brasilia
1948,11948,2,218.43,2025-03-13,Vendedor_48,PR,Londrina
1949,11949,3,150.85,2025-02-22,Vendedor_49,GO,Aparecida de Goiania
1950,11950,6,248.61,2025-03-20,Vendedor_21,DF,Brasilia
1951,11951,3,112.78,2025-01-13,Vendedor_37,PE,Recife
1952,11952,3,231.91,2025-01-08,Vendedor_28,RJ,Volta Redonda
1953,11953,3,272.71,2025-04-09,Vendedor_17,RJ,Rio de Janeiro
1954,11954,1,263.01,2025-04-20,Vendedor_35,GO,Goiania
1955,11955,5,289.4,2025-06-17,Vendedor_18,PR,Curitiba
1956,11956,5,107.64,2025-07-15,Vendedor_26,MG,Belo Horizonte
1957,11957,5,218.49,2025-05-17,Vendedor_40,SP,Santos
1958,11958,3,95.23,2025-03-05,Vendedor_30,RJ,Volta Redonda
1959,11959,5,196.59,2025-02-03,Vendedor_3,CE,Sobral
1960,11960,6,182.63,2025-03-06,Vendedor_32,RS,Pelotas
1961,11961,1,120.9,2025-01-26,Vendedor_45,GO,Anapolis
1962,11962,2,94.62,2025-04-06,Vendedor_15,CE,Juazeiro do Norte
1963,11963,4,273.97,2025-06-11,Vendedor_5,SP,Santos
1964,11964,3,210.85,2025-01-28,Vendedor_26,SP,Santos
1965,11965,3,182.04,2025-07-26,Vendedor_32,CE,Fortaleza
1966,11966,3,173.03,2025-03-28,Vendedor_49,RS,Caxias do Sul
1967,11967,2,220.81,2025-05-23,Vendedor_49,SP,Campinas
1968,11968,2,152.85,2025-05-25,Vendedor_40,PR,Maringa
1969,11969,6,239.63,2025-03-28,Vendedor_46,PE,Petrolina
1970,11970,5,121.88,2025-01-11,Vendedor_24,MG,Juiz de Fora
1971,11971,6,126.63,2025-04-10,Vendedor_45,CE,Fortaleza
1972,11972,4,279.05,2025-02-18,Vendedor_21,PE,Recife
1973,11973,1,156.63,2025-04-20,Vendedor_43,GO,Anapolis
1974,11974,4,249.61,2025-01-21,Vendedor_9,CE,Juazeiro do Norte
1975,11975,1,89.34,2025-01-31,Vendedor_26,SP,Sao Paulo
1976,11976,6,189.02,2025-05-07,Vendedor_23,CE,Fortaleza
1977,11977,4,178.41,2025-03-25,Vendedor_26,SP,Santos
1978,11978,6,95.62,2025-05-08,Vendedor_29,PE,Recife
1979,11979,4,236.68,2025-01-28,Vendedor_44,PE,Recife
1980,11980,4,152.01,2025-08-02,Vendedor_12,CE,Sobral
1981,11981,2,252.94,2025-01-21,Vendedor_21,GO,Goiania
1982,11982,2,135.14,2025-05-05,Vendedor_4,GO,Aparecida de Goiania
1983,11983,4,147.74,2025-04-13,Vendedor_37,PR,Curitiba
1984,11984,3,104.73,2025-02-07,Vendedor_6,RS,Pelotas
1985,11985,4,125.28,2025-02-24,Vendedor_19,RS,Caxias do Sul
1986,11986,5,289.79,2025-05-26,Vendedor_48,PR,Maringa
1987,11987,5,217.99,2025-06-01,Vendedor_37,RS,Pelotas
1988,11988,3,258.33,2025-03-05,Vendedor_5,PE,Petrolina
1989,11989,4,101.77,2025-08-10,Vendedor_29,DF,Brasilia
1990,11990,6,184.51,2025-06-19,Vendedor_19,BA,Vitoria da Conquista
1991,11991,3,81.77,2025-02-07,Vendedor_8,BA,Feira de Santana
1992,11992,2,98.89,2025-08-14,Vendedor_7,GO,Goiania
1993,11993,3,116.68,2025-04-30,Vendedor_13,DF,Brasilia
1994,11994,3,226.2,2025-05-01,Vendedor_28,RS,Porto Alegre
1995,11995,5,196.09,2025-07-27,Vendedor_30,SP,Santos
1996,11996,5,265.62,2025-06-16,Vendedor_42,MG,Juiz de Fora
1997,11997,1,179.09,2025-08-28,Vendedor_34,CE,Fortaleza
1998,11998,1,211.68,2025-08-06,Vendedor_19,CE,Juazeiro do Norte
1999,11999,2,218.12,2025-07-18,Vendedor_15,SP,Santos
2000,12000,3,96.17,2025-05-10,Vendedor_5,DF,Brasilia
2001,12001,5,271.2,2025-03-05,Vendedor_5,GO,Aparecida de Goiania
2002,12002,3,186.04,2025-01-04,Vendedor_13,RS,Caxias do Sul
2003,12003,1,231.59,2025-07-19,Vendedor_40,GO,Aparecida de Goiania
2004,12004,6,177.55,2025-06-30,Vendedor_38,CE,Juazeiro do Norte
2005,12005,3,203.92,2025-06-18,Vendedor_38,BA,Feira de Santana
2006,12006,6,184.04,2025-03-12,Vendedor_12,SP,Sao Paulo
2007,12007,3,225.19,2025-03-10,Vendedor_42,DF,Brasilia
2008,12008,5,104.41,2025-03-13,Vendedor_50,PE,Olinda
2009,12009,3,221.11,2025-03-19,Vendedor_1,DF,Brasilia
2010,12010,5,251.34,2025-07-03,Vendedor_33,RS,Caxias do Sul
2011,12011,1,94.49,2025-05-10,Vendedor_21,BA,Feira de Santana
2012,12012,6,206.38,2025-04-21,Vendedor_4,RJ,Volta Redonda
2013,12013,4,96.64,2025-05-31,Vendedor_1,PR,Curitiba
2014,12014,6,137.95,2025-04-28,Vendedor_35,DF,Brasilia
2015,12015,1,133.76,2025-05-11,Vendedor_42,SP,Santos
2016,12016,3,278.87,2025-04-24,Vendedor_24,RS,Pelotas
2017,12017,1,128.23,2025-05-02,Vendedor_21,BA,Salvador
2018,12018,4,135.72,2025-05-26,Vendedor_37,PR,Curitiba
2019,12019,3,175.08,2025-03-23,Vendedor_18,SP,Campinas
2020,12020,3,98.58,2025-03-29,Vendedor_44,RJ,Rio de Janeiro
2021,12021,3,163.85,2025-07-24,Vendedor_3,GO,Aparecida de Goiania
2022,12022,6,209.72,2025-02-16,Vendedor_29,GO,Anapolis
2023,12023,6,114.28,2025-05-01,Vendedor_2,RS,Caxias do Sul
2024,12024,6,285.06,2025-03-01,Vendedor_49,CE,Fortaleza
2025,12025,5,150.54,2025-02-13,Vendedor_24,SP,Santos
2026,12026,3,153.06,2025-05-18,Vendedor_6,CE,Juazeiro do Norte
2027,12027,3,177.45,2025-08-22,Vendedor_26,RS,Porto Alegre
2028,12028,3,139.14,2025-05-15,Vendedor_34,RS,Caxias do Sul
2029,12029,3,230.19,2025-01-19,Vendedor_41,PR,Curitiba
2030,12030,3,161.43,2025-03-13,Vendedor_46,CE,Sobral
2031,12031,3,142.43,2025-07-30,Vendedor_23,RJ,Rio de Janeiro
2032,12032,3,99.97,2025-02-16,Vendedor_48,RS,Porto Alegre
2033,12033,6,235.35,2025-08-19,Vendedor_39,SP,Santos
2034,12034,6,198.75,2025-05-30,Vendedor_43,SP,Santos
2035,12035,2,290.96,2025-05-28,Vendedor_42,CE,Fortaleza
2036,12036,2,116.79,2025-08-10,Vendedor_34,CE,Fortaleza
2037,12037,1,135.98,2025-04-07,Vendedor_38,SP,Santos
2038,12038,1,276.94,2025-06-19,Vendedor_42,PR,Londrina
2039,12039,3,295.51,2025-05-21,Vendedor_20,DF,Brasilia
2040,12040,3,114.79,2025-07-25,Vendedor_29,PR,Londrina
2041,12041,3,109.52,2025-04-14,Vendedor_32,SP,Sao Paulo
2042,12042,1,291.17,2025-03-05,Vendedor_20,PR,Maringa
2043,12043,5,292.13,2025-04-13,Vendedor_8,PE,Olinda
2044,12044,1,266.15,2025-02-21,Vendedor_24,CE,Sobral
2045,12045,3,207.94,2025-07-06,Vendedor_7,MG,Uberlandia
2046,12046,4,247.72,2025-01-01,Vendedor_26,RS,Porto Alegre
2047,12047,2,250.95,2025-07-24,Vendedor_18,DF,Brasilia
2048,12048,4,164.47,2025-06-10,Vendedor_38,MG,Uberlandia
2049,12049,1,219.64,2025-01-24,Vendedor_47,MG,Juiz de Fora
2050,12050,6,286.64,2025-02-24,Vendedor_41,PR,Londrina
2051,12051,5,167.22,2025-01-17,Vendedor_12,SP,Santos
2052,12052,4,138.36,2025-08-27,Vendedor_50,SP,Sao Paulo
2053,12053,6,247.21,2025-03-14,Vendedor_24,RJ,Rio de Janeiro
2054,12054,4,286.88,2025-04-17,Vendedor_8,GO,Goiania
2055,12055,2,205.19,2025-01-25,Vendedor_9,SP,Santos
2056,12056,1,219.45,2025-07-28,Vendedor_9,CE,Sobral
2057,12057,5,146.28,2025-08-30,Vendedor_19,GO,Anapolis
2058,12058,1,166.81,2025-05-11,Vendedor_16,DF,Brasilia
2059,12059,1,200.38,2025-06-05,Vendedor_34,PR,Maringa
2060,12060,5,272.64,2025-05-03,Vendedor_1,MG,Uberlandia
2061,12061,2,274.82,2025-08-01,Vendedor_47,SP,Campinas
2062,12062,3,222.32,2025-07-11,Vendedor_47,CE,Juazeiro do Norte
2063,12063,4,203.75,2025-02-09,Vendedor_20,RS,Porto Alegre
2064,12064,6,201.75,2025-05-06,Vendedor_50,RJ,Rio de Janeiro
2065,12065,1,83.97,2025-07-27,Vendedor_28,DF,Brasilia
2066,12066,5,221.56,2025-08-11,Vendedor_28,BA,Feira de Santana
2067,12067,6,131.19,2025-03-06,Vendedor_21,GO,Aparecida de Goiania
2068,12068,3,143.18,2025-03-23,Vendedor_38,RS,Pelotas
2069,12069,6,291.03,2025-08-05,Vendedor_11,RJ,Volta Redonda
2070,12070,6,139.05,2025-07-05,Vendedor_24,RJ,Niteroi
2071,12071,6,283.69,2025-03-31,Vendedor_12,CE,Juazeiro do Norte
2072,12072,1,190.42,2025-06-11,Vendedor_26,RJ,Niteroi
2073,12073,4,100.94,2025-03-10,Vendedor_38,MG,Juiz de Fora
2074,12074,4,115.58,2025-05-14,Vendedor_9,DF,Brasilia
2075,12075,1,117.08,2025-03-05,Vendedor_46,RS,Porto Alegre
2076,12076,1,146.71,2025-08-08,Vendedor_4,GO,Aparecida de Goiania
2077,12077,3,161.67,2025-08-07,Vendedor_4,PE,Olinda
2078,12078,4,182.06,2025-08-02,Vendedor_48,PR,Curitiba
2079,12079,5,207.55,2025-08-24,Vendedor_15,BA,Vitoria da Conquista
2080,12080,1,253.08,2025-04-24,Vendedor_46,RS,Pelotas
2081,12081,5,138.62,2025-08-11,Vendedor_36,RS,Pelotas
2082,12082,3,153.87,2025-01-11,Vendedor_10,DF,Brasilia
2083,12083,1,249.14,2025-01-20,Vendedor_28,RS,Caxias do Sul
2084,12084,2,205.58,2025-08-05,Vendedor_39,GO,Anapolis
2085,12085,6,238.41,2025-04-19,Vendedor_10,RJ,Niteroi
2086,12086,2,226.96,2025-05-25,Vendedor_42,MG,Belo Horizonte
2087,12087,5,120.16,2025-06-17,Vendedor_16,DF,Brasilia
2088,12088,1,208.6,2025-01-24,Vendedor_14,BA,Vitoria da Conquista
2089,12089,5,265.41,2025-01-07,Vendedor_47,GO,Aparecida de Goiania
2090,12090,4,297.51,2025-05-12,Vendedor_4,BA,Vitoria da Conquista
2091,12091,3,96.96,2025-04-01,Vendedor_36,GO,Anapolis
2092,12092,1,143.14,2025-04-15,Vendedor_39,DF,Brasilia
2093,12093,6,81.17,2025-04-19,Vendedor_42,CE,Sobral
2094,12094,2,119.14,2025-06-02,Vendedor_42,DF,Brasilia
2095,12095,5,226.64,2025-02-12,Vendedor_8,DF,Brasilia
2096,12096,2,179.13,2025-02-09,Vendedor_23,MG,Belo Horizonte
2097,12097,5,203.79,2025-05-30,Vendedor_38,CE,Fortaleza
2098,12098,2,97.71,2025-07-30,Vendedor_50,CE,Fortaleza
2099,12099,3,173.88,2025-08-23,Vendedor_41,BA,Vitoria da Conquista
2100,12100,6,122.76,2025-01-18,Vendedor_16,SP,Sao Paulo
2101,12101,1,231.41,2025-04-13,Vendedor_27,MG,Juiz de Fora
2102,12102,4,172.33,2025-05-21,Vendedor_45,RS,Porto Alegre
2103,12103,6,225.06,2025-03-19,Vendedor_24,RS,Pelotas
2104,12104,3,106.71,2025-06-15,Vendedor_22,RS,Porto Alegre
2105,12105,6,105.11,2025-07-16,Vendedor_27,GO,Goiania
2106,12106,4,208.85,2025-02-09,Vendedor_24,DF,Brasilia
2107,12107,5,276.07,2025-02-12,Vendedor_11,GO,Goiania
2108,12108,3,243.94,2025-01-07,Vendedor_16,SP,Santos
2109,12109,4,256.94,2025-01-04,Vendedor_48,RJ,Rio de Janeiro
2110,12110,4,123.78,2025-02-03,Vendedor_28,MG,Uberlandia
2111,12111,6,191.86,2025-03-13,Vendedor_11,RJ,Rio de Janeiro
2112,12112,2,274.49,2025-04-17,Vendedor_20,RJ,Rio de Janeiro
2113,12113,5,285.91,2025-01-05,Vendedor_33,MG,Belo Horizonte
2114,12114,6,92.45,2025-04-28,Vendedor_7,RS,Porto Alegre
2115,12115,6,114.99,2025-06-24,Vendedor_10,PE,Recife
2116,12116,5,102.61,2025-01-20,Vendedor_39,DF,Brasilia
2117,12117,2,117.18,2025-06-11,Vendedor_45,PR,Curitiba
2118,12118,5,114.52,2025-01-20,Vendedor_21,RJ,Volta Redonda
2119,12119,3,184.31,2025-03-11,Vendedor_48,PE,Petrolina
2120,12120,5,153.51,2025-06-07,Vendedor_42,SP,Campinas
2121,12121,6,97.62,2025-07-10,Vendedor_3,MG,Uberlandia
2122,12122,2,150.85,2025-02-26,Vendedor_5,PE,Petrolina
2123,12123,1,278.05,2025-02-28,Vendedor_38,DF,Brasilia
2124,12124,1,181.67,2025-04-24,Vendedor_1,DF,Brasilia
2125,12125,2,241.66,2025-01-14,Vendedor_36,MG,Uberlandia
2126,12126,6,132.74,2025-08-28,Vendedor_12,CE,Fortaleza
2127,12127,3,182.4,2025-04-12,Vendedor_31,GO,Aparecida de Goiania
2128,12128,4,274.29,2025-05-04,Vendedor_41,GO,Goiania
2129,12129,4,277.13,2025-08-06,Vendedor_26,CE,Juazeiro do Norte
2130,12130,2,112.87,2025-03-26,Vendedor_34,DF,Brasilia
2131,12131,1,153.8,2025-01-29,Vendedor_45,CE,Fortaleza
2132,12132,3,154.78,2025-06-28,Vendedor_39,MG,Uberlandia
2133,12133,4,144.01,2025-04-11,Vendedor_45,RS,Pelotas
2134,12134,5,171.02,2025-08-19,Vendedor_16,SP,Sao Paulo
2135,12135,5,182.47,2025-04-04,Vendedor_24,MG,Juiz de Fora
2136,12136,1,196.28,2025-06-11,Vendedor_43,MG,Uberlandia
2137,12137,1,89.24,2025-03-31,Vendedor_36,SP,Sao Paulo
2138,12138,3,131.26,2025-06-15,Vendedor_5,SP,Campinas
2139,12139,1,221.95,2025-03-23,Vendedor_1,PR,Curitiba
2140,12140,6,226.0,2025-06-10,Vendedor_42,PR,Curitiba
2141,12141,1,213.55,2025-07-30,Vendedor_21,DF,Brasilia
2142,12142,1,125.17,2025-03-14,Vendedor_10,GO,Anapolis
2143,12143,5,171.76,2025-05-02,Vendedor_8,CE,Sobral
2144,12144,3,195.41,2025-05-01,Vendedor_20,PR,Curitiba
2145,12145,4,117.99,2025-05-27,Vendedor_35,BA,Vitoria da Conquista
2146,12146,4,289.89,2025-08-09,Vendedor_30,PE,Petrolina
2147,12147,4,199.53,2025-06-26,Vendedor_50,PR,Maringa
2148,12148,1,94.18,2025-05-14,Vendedor_18,RJ,Volta Redonda
2149,12149,6,250.81,2025-08-11,Vendedor_45,GO,Goiania
2150,12150,6,299.52,2025-04-01,Vendedor_45,BA,Vitoria da Conquista
2151,12151,2,112.4,2025-06-07,Vendedor_47,SP,Sao Paulo
2152,12152,6,86.48,2025-08-02,Vendedor_28,PR,Maringa
2153,12153,3,200.39,2025-02-09,Vendedor_27,RJ,Volta Redonda
2154,12154,2,92.57,2025-05-08,Vendedor_30,RJ,Niteroi
2155,12155,4,98.65,2025-01-22,Vendedor_37,PE,Olinda
2156,12156,5,197.82,2025-01-07,Vendedor_35,SP,Campinas
2157,12157,5,290.43,2025-06-04,Vendedor_19,CE,Fortaleza
2158,12158,2,97.37,2025-01-05,Vendedor_42,PR,Maringa
2159,12159,1,201.96,2025-08-29,Vendedor_41,RS,Caxias do Sul
2160,12160,2,191.81,2025-07-19,Vendedor_38,GO,Aparecida de Goiania
2161,12161,6,215.29,2025-06-28,Vendedor_4,CE,Fortaleza
2162,12162,1,273.4,2025-07-17,Vendedor_3,SP,Sao Paulo
2163,12163,4,183.94,2025-08-24,Vendedor_10,DF,Brasilia
2164,12164,1,205.11,2025-07-04,Vendedor_11,RS,Porto Alegre
2165,12165,2,206.74,2025-04-28,Vendedor_45,MG,Uberlandia
2166,12166,5,110.75,2025-04-23,Vendedor_28,BA,Salvador
2167,12167,3,135.08,2025-02-02,Vendedor_40,MG,Uberlandia
2168,12168,4,127.92,2025-06-07,Vendedor_4,BA,Vitoria da Conquista
2169,12169,3,151.35,2025-07-03,Vendedor_50,SP,Sao Paulo
2170,12170,1,130.8,2025-05-17,Vendedor_39,MG,Uberlandia
2171,12171,2,155.05,2025-07-08,Vendedor_3,PE,Olinda
2172,12172,3,226.53,2025-08-06,Vendedor_34,PE,Olinda
2173,12173,2,145.35,2025-01-01,Vendedor_47,DF,Brasilia
2174,12174,1,187.42,2025-05-20,Vendedor_21,PE,Olinda
2175,12175,4,278.78,2025-06-01,Vendedor_25,SP,Santos
2176,12176,5,280.84,2025-01-24,Vendedor_45,PE,Recife
2177,12177,4,276.34,2025-06-23,Vendedor_3,RS,Caxias do Sul
2178,12178,5,171.48,2025-08-12,Vendedor_17,BA,Salvador
2179,12179,3,234.37,2025-06-05,Vendedor_17,RS,Caxias do Sul
2180,12180,3,145.21,2025-07-19,Vendedor_23,GO,Anapolis
2181,12181,2,242.75,2025-06-21,Vendedor_17,RJ,Niteroi
2182,12182,4,290.47,2025-01-13,Vendedor_21,RJ,Niteroi
2183,12183,5,267.3,2025-04-01,Vendedor_15,RS,Caxias do Sul
2184,12184,1,126.84,2025-05-25,Vendedor_18,MG,Belo Horizonte
2185,12185,5,193.33,2025-04-02,Vendedor_23,RS,Pelotas
2186,12186,2,267.51,2025-08-22,Vendedor_17,MG,Belo Horizonte
2187,12187,2,258.44,2025-01-28,Vendedor_13,CE,Fortaleza
2188,12188,1,154.43,2025-01-11,Vendedor_50,RS,Porto Alegre
2189,12189,3,284.34,2025-01-31,Vendedor_15,PE,Olinda
2190,12190,3,264.38,2025-02-11,Vendedor_43,RS,Porto Alegre
2191,12191,5,91.26,2025-03-14,Vendedor_19,BA,Vitoria da Conquista
2192,12192,3,298.29,2025-07-10,Vendedor_12,SP,Campinas
2193,12193,5,225.91,2025-04-04,Vendedor_25,PR,Curitiba
2194,12194,1,251.4,2025-03-01,Vendedor_46,GO,Aparecida de Goiania
2195,12195,5,128.02,2025-03-07,Vendedor_10,GO,Aparecida de Goiania
2196,12196,1,298.26,2025-08-21,Vendedor_13,RJ,Rio de Janeiro
2197,12197,1,200.57,2025-04-20,Vendedor_2,DF,Brasilia
2198,12198,2,228.36,2025-03-21,Vendedor_49,CE,Fortaleza
2199,12199,2,186.44,2025-07-08,Vendedor_46,PE,Olinda
2200,12200,5,266.7,2025-06-05,Vendedor_18,CE,Fortaleza
2201,12201,5,135.69,2025-02-21,Vendedor_34,GO,Anapolis
2202,12202,2,104.45,2025-03-26,Vendedor_34,SP,Campinas
2203,12203,3,217.1,2025-05-04,Vendedor_21,BA,Salvador
2204,12204,2,86.15,2025-05-15,Vendedor_43,CE,Sobral
2205,12205,2,88.64,2025-07-11,Vendedor_9,CE,Sobral
2206,12206,2,126.54,2025-06-18,Vendedor_19,CE,Sobral
2207,12207,2,81.28,2025-01-08,Vendedor_10,RS,Porto Alegre
2208,12208,2,95.86,2025-02-15,Vendedor_34,DF,Brasilia
2209,12209,6,169.67,2025-06-27,Vendedor_14,DF,Brasilia
2210,12210,1,166.55,2025-08-16,Vendedor_46,MG,Uberlandia
2211,12211,4,205.62,2025-02-07,Vendedor_8,BA,Vitoria da Conquista
2212,12212,2,136.71,2025-07-28,Vendedor_37,SP,Sao Paulo
2213,12213,2,160.8,2025-05-04,Vendedor_33,SP,Santos
2214,12214,1,239.72,2025-06-16,Vendedor_34,BA,Vitoria da Conquista
2215,12215,5,132.23,2025-07-17,Vendedor_16,CE,Sobral
2216,12216,6,84.91,2025-08-15,Vendedor_13,MG,Belo Horizonte
2217,12217,6,124.16,2025-03-24,Vendedor_39,PE,Olinda
2218,12218,5,168.33,2025-01-31,Vendedor_27,DF,Brasilia
2219,12219,3,269.3,2025-02-18,Vendedor_39,SP,Santos
2220,12220,3,241.49,2025-01-04,Vendedor_33,SP,Sao Paulo
2221,12221,4,219.92,2025-01-25,Vendedor_33,RJ,Volta Redonda
2222,12222,1,155.22,2025-06-13,Vendedor_4,CE,Juazeiro do Norte
2223,12223,1,232.3,2025-06-09,Vendedor_37,GO,Anapolis
2224,12224,2,207.05,2025-05-08,Vendedor_25,DF,Brasilia
2225,12225,4,232.89,2025-02-10,Vendedor_11,PR,Curitiba
2226,12226,1,299.58,2025-08-20,Vendedor_11,PE,Recife
2227,12227,6,255.81,2025-05-14,Vendedor_22,PR,Maringa
2228,12228,4,180.4,2025-01-12,Vendedor_14,PE,Petrolina
2229,12229,3,291.65,2025-05-11,Vendedor_39,GO,Goiania
2230,12230,6,124.18,2025-05-25,Vendedor_2,GO,Aparecida de Goiania
2231,12231,3,219.35,2025-04-22,Vendedor_34,MG,Belo Horizonte
2232,12232,2,152.27,2025-03-28,Vendedor_11,RS,Porto Alegre
2233,12233,2,102.2,2025-06-20,Vendedor_45,CE,Juazeiro do Norte
2234,12234,5,294.64,2025-03-31,Vendedor_5,RS,Porto Alegre
2235,12235,1,188.94,2025-03-19,Vendedor_27,PE,Olinda
2236,12236,1,171.82,2025-07-20,Vendedor_18,PR,Maringa
2237,12237,6,112.28,2025-06-01,Vendedor_32,PR,Maringa
2238,12238,6,252.12,2025-06-28,Vendedor_3,PE,Petrolina
2239,12239,5,128.46,2025-03-09,Vendedor_50,GO,Anapolis
2240,12240,1,175.94,2025-06-10,Vendedor_23,RS,Porto Alegre
2241,12241,6,183.3,2025-04-24,Vendedor_8,BA,Salvador
2242,12242,1,117.49,2025-02-15,Vendedor_46,RS,Pelotas
2243,12243,2,251.78,2025-06-17,Vendedor_10,CE,Fortaleza
2244,12244,4,259.39,2025-07-05,Vendedor_7,RJ,Niteroi
2245,12245,3,291.08,2025-05-27,Vendedor_28,RJ,Volta Redonda
2246,12246,6,190.18,2025-05-16,Vendedor_38,GO,Anapolis
2247,12247,3,167.12,2025-05-19,Vendedor_24,RS,Porto Alegre
2248,12248,6,158.92,2025-01-21,Vendedor_24,RS,Caxias do Sul
2249,12249,3,287.21,2025-05-14,Vendedor_24,MG,Belo Horizonte
2250,12250,1,246.85,2025-05-25,Vendedor_29,MG,Uberlandia
2251,12251,5,193.22,2025-07-09,Vendedor_24,RJ,Niteroi
2252,12252,5,239.23,2025-03-07,Vendedor_39,GO,Aparecida de Goiania
2253,12253,3,176.95,2025-03-13,Vendedor_3,GO,Goiania
2254,12254,6,249.43,2025-04-06,Vendedor_36,CE,Sobral
2255,12255,2,284.34,2025-07-14,Vendedor_38,CE,Sobral
2256,12256,6,127.27,2025-04-18,Vendedor_47,DF,Brasilia
2257,12257,5,161.03,2025-04-08,Vendedor_26,CE,Sobral
2258,12258,2,222.69,2025-03-18,Vendedor_15,PR,Maringa
2259,12259,1,194.45,2025-08-03,Vendedor_4,PE,Olinda
2260,12260,1,186.76,2025-01-13,Vendedor_12,PR,Curitiba
2261,12261,4,264.29,2025-08-04,Vendedor_5,RJ,Volta Redonda
2262,12262,1,244.86,2025-07-21,Vendedor_18,DF,Brasilia
2263,12263,1,195.31,2025-01-29,Vendedor_4,CE,Juazeiro do Norte
2264,12264,2,133.98,2025-04-02,Vendedor_3,PE,Olinda
2265,12265,5,250.57,2025-06-13,Vendedor_38,RJ,Niteroi
2266,12266,5,176.33,2025-05-24,Vendedor_17,GO,Aparecida de Goiania
2267,12267,3,282.49,2025-01-01,Vendedor_25,SP,Sao Paulo
2268,12268,2,80.55,2025-07-19,Vendedor_23,MG,Uberlandia
2269,12269,2,204.88,2025-07-10,Vendedor_9,GO,Goiania
2270,12270,4,215.38,2025-06-25,Vendedor_41,PR,Curitiba
2271,12271,1,110.18,2025-08-28,Vendedor_4,RS,Caxias do Sul
2272,12272,5,191.3,2025-06-27,Vendedor_22,DF,Brasilia
2273,12273,3,105.37,2025-01-02,Vendedor_39,RS,Pelotas
2274,12274,4,167.86,2025-06-21,Vendedor_29,PE,Petrolina
2275,12275,4,228.82,2025-07-21,Vendedor_50,SP,Santos
2276,12276,1,230.07,2025-02-06,Vendedor_50,BA,Feira de Santana
2277,12277,5,185.43,2025-02-12,Vendedor_12,PE,Recife
2278,12278,3,262.07,2025-03-24,Vendedor_46,DF,Brasilia
2279,12279,6,207.0,2025-06-04,Vendedor_30,PE,Petrolina
2280,12280,2,212.2,2025-05-18,Vendedor_18,DF,Brasilia
2281,12281,1,118.4,2025-06-25,Vendedor_16,PE,Recife
2282,12282,3,182.98,2025-06-24,Vendedor_39,DF,Brasilia
2283,12283,1,90.65,2025-06-13,Vendedor_30,CE,Juazeiro do Norte
2284,12284,2,136.53,2025-08-22,Vendedor_45,GO,Goiania
2285,12285,2,125.1,2025-03-26,Vendedor_43,SP,Campinas
2286,12286,3,162.19,2025-06-30,Vendedor_21,BA,Salvador
2287,12287,1,183.82,2025-07-19,Vendedor_22,GO,Anapolis
2288,12288,2,129.97,2025-03-15,Vendedor_48,GO,Goiania
2289,12289,4,93.04,2025-05-13,Vendedor_25,MG,Uberlandia
2290,12290,6,156.4,2025-05-14,Vendedor_30,DF,Brasilia
2291,12291,2,102.14,2025-01-27,Vendedor_6,SP,Sao Paulo
2292,12292,6,110.05,2025-06-25,Vendedor_45,RS,Pelotas
2293,12293,3,257.55,2025-05-18,Vendedor_29,SP,Campinas
2294,12294,6,171.37,2025-08-14,Vendedor_7,CE,Sobral
2295,12295,5,156.18,2025-05-05,Vendedor_29,RJ,Niteroi
2296,12296,2,94.17,2025-04-07,Vendedor_47,RS,Caxias do Sul
2297,12297,4,167.0,2025-03-11,Vendedor_35,RJ,Volta Redonda
2298,12298,5,202.85,2025-07-15,Vendedor_9,MG,Belo Horizonte
2299,12299,6,152.41,2025-02-13,Vendedor_17,GO,Goiania
2300,12300,5,203.91,2025-07-09,Vendedor_50,PE,Recife
2301,12301,6,299.66,2025-01-17,Vendedor_21,PE,Recife
2302,12302,3,170.65,2025-07-18,Vendedor_21,CE,Fortaleza
2303,12303,4,203.76,2025-02-23,Vendedor_46,RS,Porto Alegre
2304,12304,6,120.42,2025-02-27,Vendedor_17,RS,Pelotas
2305,12305,2,231.45,2025-08-12,Vendedor_19,SP,Campinas
2306,12306,2,82.36,2025-01-14,Vendedor_25,CE,Juazeiro do Norte
2307,12307,4,120.3,2025-01-29,Vendedor_33,SP,Santos
2308,12308,2,160.3,2025-04-11,Vendedor_29,CE,Fortaleza
2309,12309,6,245.13,2025-07-22,Vendedor_25,DF,Brasilia
2310,12310,1,240.24,2025-04-06,Vendedor_48,BA,Salvador
2311,12311,3,274.09,2025-05-12,Vendedor_30,RJ,Volta Redonda
2312,12312,6,292.62,2025-03-19,Vendedor_7,BA,Feira de Santana
2313,12313,3,122.6,2025-07-02,Vendedor_34,RS,Pelotas
2314,12314,2,288.96,2025-04-09,Vendedor_29,MG,Belo Horizonte
2315,12315,3,133.09,2025-07-20,Vendedor_41,GO,Anapolis
2316,12316,3,216.17,2025-02-27,Vendedor_9,CE,Sobral
2317,12317,6,115.47,2025-08-11,Vendedor_49,GO,Goiania
2318,12318,4,84.67,2025-03-02,Vendedor_33,RJ,Volta Redonda
2319,12319,1,149.32,2025-08-05,Vendedor_37,RJ,Volta Redonda
2320,12320,6,128.75,2025-08-17,Vendedor_50,SP,Santos
2321,12321,4,155.08,2025-05-05,Vendedor_5,GO,Aparecida de Goiania
2322,12322,6,141.26,2025-04-14,Vendedor_37,RJ,Volta Redonda
2323,12323,4,105.3,2025-03-17,Vendedor_30,RS,Caxias do Sul
2324,12324,4,125.8,2025-06-26,Vendedor_15,PE,Olinda
2325,12325,2,99.21,2025-01-26,Vendedor_35,BA,Vitoria da Conquista
2326,12326,6,196.56,2025-01-25,Vendedor_32,RS,Caxias do Sul
2327,12327,2,262.0,2025-04-05,Vendedor_33,DF,Brasilia
2328,12328,4,205.83,2025-05-19,Vendedor_15,PR,Curitiba
2329,12329,4,151.33,2025-05-10,Vendedor_22,GO,Aparecida de Goiania
2330,12330,1,266.11,2025-03-14,Vendedor_1,RJ,Niteroi
2331,12331,6,113.65,2025-07-19,Vendedor_49,SP,Santos
2332,12332,5,261.65,2025-07-03,Vendedor_34,DF,Brasilia
2333,12333,4,215.61,2025-03-22,Vendedor_37,MG,Juiz de Fora
2334,12334,1,124.01,2025-05-07,Vendedor_10,DF,Brasilia
2335,12335,2,125.66,2025-07-30,Vendedor_4,RS,Porto Alegre
2336,12336,1,92.84,2025-05-17,Vendedor_17,CE,Juazeiro do Norte
2337,12337,1,274.74,2025-04-10,Vendedor_48,MG,Uberlandia
2338,12338,5,245.22,2025-01-15,Vendedor_3,MG,Juiz de Fora
2339,12339,6,285.03,2025-02-23,Vendedor_44,SP,Sao Paulo
2340,12340,5,129.71,2025-08-09,Vendedor_50,PE,Recife
2341,12341,6,89.83,2025-02-19,Vendedor_1,GO,Goiania
2342,12342,4,188.74,2025-05-20,Vendedor_20,PE,Petrolina
2343,12343,5,149.24,2025-08-31,Vendedor_16,GO,Goiania
2344,12344,3,171.12,2025-01-01,Vendedor_20,SP,Campinas
2345,12345,2,181.95,2025-03-08,Vendedor_5,RS,Porto Alegre
2346,12346,3,254.32,2025-06-05,Vendedor_46,PR,Curitiba
2347,12347,2,237.64,2025-02-24,Vendedor_39,RJ,Niteroi
2348,12348,6,251.36,2025-05-08,Vendedor_43,PR,Londrina
2349,12349,5,129.79,2025-04-03,Vendedor_11,GO,Anapolis
2350,12350,2,89.02,2025-06-14,Vendedor_24,SP,Campinas
2351,12351,4,273.04,2025-04-08,Vendedor_10,GO,Goiania
2352,12352,1,162.06,2025-02-13,Vendedor_37,SP,Sao Paulo
2353,12353,2,153.53,2025-04-09,Vendedor_16,GO,Anapolis
2354,12354,5,242.36,2025-05-20,Vendedor_14,PE,Olinda
2355,12355,3,106.58,2025-05-20,Vendedor_9,PR,Curitiba
2356,12356,3,161.24,2025-08-13,Vendedor_31,DF,Brasilia
2357,12357,5,180.82,2025-04-24,Vendedor_24,RS,Porto Alegre
2358,12358,5,297.11,2025-04-24,Vendedor_37,PR,Maringa
2359,12359,2,249.3,2025-03-09,Vendedor_10,PE,Olinda
2360,12360,4,269.84,2025-01-14,Vendedor_23,GO,Goiania
2361,12361,2,260.49,2025-05-19,Vendedor_3,CE,Fortaleza
2362,12362,1,142.83,2025-06-19,Vendedor_46,RS,Caxias do Sul
2363,12363,5,117.98,2025-08-20,Vendedor_2,DF,Brasilia
2364,12364,5,286.83,2025-08-11,Vendedor_26,MG,Uberlandia
2365,12365,4,93.47,2025-04-25,Vendedor_50,RS,Caxias do Sul
2366,12366,2,205.15,2025-06-21,Vendedor_39,SP,Santos
2367,12367,2,153.84,2025-02-11,Vendedor_5,DF,Brasilia
2368,12368,1,238.98,2025-04-09,Vendedor_40,CE,Sobral
2369,12369,1,135.96,2025-01-02,Vendedor_21,MG,Juiz de Fora
2370,12370,2,248.03,2025-01-17,Vendedor_39,RJ,Volta Redonda
2371,12371,1,177.3,2025-02-09,Vendedor_44,PE,Olinda
2372,12372,3,192.71,2025-05-28,Vendedor_10,MG,Juiz de Fora
2373,12373,4,249.3,2025-06-27,Vendedor_7,RJ,Niteroi
2374,12374,3,219.59,2025-05-28,Vendedor_15,RJ,Niteroi
2375,12375,2,235.54,2025-04-10,Vendedor_12,RJ,Rio de Janeiro
2376,12376,4,212.96,2025-08-24,Vendedor_25,PE,Recife
2377,12377,4,278.21,2025-07-01,Vendedor_18,MG,Uberlandia
2378,12378,6,134.38,2025-03-02,Vendedor_7,CE,Sobral
2379,12379,6,140.92,2025-03-18,Vendedor_3,GO,Aparecida de Goiania
2380,12380,4,257.07,2025-04-20,Vendedor_18,MG,Uberlandia
2381,12381,5,92.37,2025-05-20,Vendedor_29,PE,Petrolina
2382,12382,2,149.02,2025-01-27,Vendedor_39,PR,Maringa
2383,12383,3,282.08,2025-01-23,Vendedor_13,PR,Maringa
2384,12384,6,154.2,2025-02-21,Vendedor_13,BA,Vitoria da Conquista
2385,12385,4,284.71,2025-01-05,Vendedor_5,RS,Pelotas
2386,12386,2,264.9,2025-02-12,Vendedor_23,SP,Sao Paulo
2387,12387,2,261.95,2025-04-17,Vendedor_6,RJ,Niteroi
2388,12388,6,103.44,2025-05-16,Vendedor_25,SP,Sao Paulo
2389,12389,6,85.55,2025-04-28,Vendedor_14,BA,Vitoria da Conquista
2390,12390,6,268.2,2025-02-17,Vendedor_28,CE,Sobral
2391,12391,6,236.07,2025-03-09,Vendedor_19,RJ,Niteroi
2392,12392,4,162.55,2025-05-07,Vendedor_14,RJ,Rio de Janeiro
2393,12393,5,153.89,2025-05-23,Vendedor_46,RS,Caxias do Sul
2394,12394,6,96.35,2025-01-16,Vendedor_15,PR,Curitiba
2395,12395,1,199.13,2025-02-09,Vendedor_21,RJ,Rio de Janeiro
2396,12396,5,193.35,2025-06-24,Vendedor_15,PR,Maringa
2397,12397,1,219.25,2025-08-31,Vendedor_26,BA,Vitoria da Conquista
2398,12398,1,246.59,2025-08-30,Vendedor_17,CE,Sobral
2399,12399,4,154.46,2025-03-06,Vendedor_18,RJ,Rio de Janeiro
2400,12400,2,190.95,2025-01-31,Vendedor_36,DF,Brasilia
2401,12401,6,168.09,2025-03-22,Vendedor_40,PR,Londrina
2402,12402,2,88.59,2025-03-03,Vendedor_29,GO,Goiania
2403,12403,1,130.24,2025-04-02,Vendedor_29,BA,Salvador
2404,12404,1,266.52,2025-01-18,Vendedor_19,MG,Uberlandia
2405,12405,3,193.4,2025-06-21,Vendedor_34,SP,Sao Paulo
2406,12406,1,215.45,2025-02-14,Vendedor_50,PE,Olinda
2407,12407,6,227.1,2025-01-09,Vendedor_31,MG,Juiz de Fora
2408,12408,6,276.72,2025-08-27,Vendedor_10,BA,Feira de Santana
2409,12409,2,177.35,2025-06-03,Vendedor_16,RJ,Volta Redonda
2410,12410,4,280.84,2025-04-02,Vendedor_36,DF,Brasilia
2411,12411,4,298.24,2025-01-01,Vendedor_6,BA,Salvador
2412,12412,1,240.64,2025-01-04,Vendedor_28,BA,Salvador
2413,12413,6,251.95,2025-03-27,Vendedor_50,GO,Aparecida de Goiania
2414,12414,3,290.51,2025-07-03,Vendedor_4,PE,Petrolina
2415,12415,2,198.9,2025-01-06,Vendedor_34,PR,Curitiba
2416,12416,2,191.56,2025-01-03,Vendedor_21,PR,Maringa
2417,12417,2,81.46,2025-06-04,Vendedor_1,PE,Olinda
2418,12418,3,135.2,2025-04-13,Vendedor_36,BA,Vitoria da Conquista
2419,12419,3,203.38,2025-07-17,Vendedor_16,RS,Caxias do Sul
2420,12420,1,293.03,2025-08-07,Vendedor_32,GO,Anapolis
2421,12421,3,166.24,2025-07-28,Vendedor_5,MG,Belo Horizonte
2422,12422,4,277.02,2025-06-12,Vendedor_16,SP,Sao Paulo
2423,12423,2,121.36,2025-03-26,Vendedor_37,MG,Belo Horizonte
2424,12424,2,187.0,2025-01-18,Vendedor_32,RS,Pelotas
2425,12425,2,152.69,2025-02-02,Vendedor_6,CE,Fortaleza
2426,12426,3,232.89,2025-03-15,Vendedor_29,GO,Aparecida de Goiania
2427,12427,6,262.55,2025-07-31,Vendedor_40,SP,Campinas
2428,12428,5,80.69,2025-03-17,Vendedor_3,RJ,Volta Redonda
2429,12429,6,88.4,2025-06-25,Vendedor_42,MG,Uberlandia
2430,12430,6,205.55,2025-06-09,Vendedor_20,GO,Anapolis
2431,12431,3,196.57,2025-06-26,Vendedor_39,GO,Goiania
2432,12432,6,206.78,2025-08-03,Vendedor_5,PE,Recife
2433,12433,1,100.58,2025-06-26,Vendedor_41,DF,Brasilia
2434,12434,3,158.59,2025-08-27,Vendedor_14,PR,Maringa
2435,12435,4,82.96,2025-08-01,Vendedor_11,SP,Sao Paulo
2436,12436,4,286.74,2025-06-04,Vendedor_38,PR,Londrina
2437,12437,2,147.14,2025-01-16,Vendedor_3,BA,Vitoria da Conquista
2438,12438,6,103.82,2025-02-06,Vendedor_38,PE,Petrolina
2439,12439,4,228.87,2025-01-18,Vendedor_25,PE,Olinda
2440,12440,5,110.7,2025-06-30,Vendedor_35,MG,Belo Horizonte
2441,12441,1,88.96,2025-01-06,Vendedor_17,PR,Maringa
2442,12442,1,145.16,2025-08-31,Vendedor_41,MG,Juiz de Fora
2443,12443,6,281.6,2025-04-23,Vendedor_35,SP,Santos
2444,12444,2,228.75,2025-04-21,Vendedor_12,PE,Recife
2445,12445,2,81.09,2025-05-26,Vendedor_40,PR,Maringa
2446,12446,1,287.45,2025-06-15,Vendedor_25,CE,Juazeiro do Norte
2447,12447,6,275.78,2025-03-08,Vendedor_2,PE,Recife
2448,12448,2,119.74,2025-01-19,Vendedor_28,SP,Campinas
2449,12449,3,191.7,2025-06-10,Vendedor_21,MG,Juiz de Fora
2450,12450,5,284.94,2025-02-23,Vendedor_4,MG,Belo Horizonte
2451,12451,3,224.85,2025-05-19,Vendedor_4,DF,Brasilia
2452,12452,4,81.54,2025-01-03,Vendedor_19,PR,Maringa
2453,12453,4,114.11,2025-02-06,Vendedor_12,DF,Brasilia
2454,12454,3,81.72,2025-06-29,Vendedor_27,RJ,Niteroi
2455,12455,4,241.0,2025-04-17,Vendedor_16,DF,Brasilia
2456,12456,5,234.26,2025-07-29,Vendedor_13,PR,Maringa
2457,12457,2,157.82,2025-02-10,Vendedor_34,MG,Belo Horizonte
2458,12458,1,120.57,2025-01-28,Vendedor_44,PR,Maringa
2459,12459,3,299.73,2025-04-13,Vendedor_13,PE,Olinda
2460,12460,4,202.87,2025-02-05,Vendedor_13,GO,Goiania
2461,12461,4,183.7,2025-03-09,Vendedor_29,DF,Brasilia
2462,12462,6,256.13,2025-05-24,Vendedor_19,RJ,Rio de Janeiro
2463,12463,3,209.86,2025-05-03,Vendedor_10,SP,Sao Paulo
2464,12464,4,114.24,2025-03-26,Vendedor_18,RJ,Volta Redonda
2465,12465,6,131.18,2025-01-27,Vendedor_8,RJ,Niteroi
2466,12466,3,261.81,2025-01-15,Vendedor_48,CE,Sobral
2467,12467,4,187.76,2025-06-29,Vendedor_34,DF,Brasilia
2468,12468,1,118.55,2025-03-22,Vendedor_8,DF,Brasilia
2469,12469,2,290.17,2025-01-04,Vendedor_14,CE,Fortaleza
2470,12470,5,255.31,2025-07-07,Vendedor_36,MG,Belo Horizonte
2471,12471,4,260.24,2025-06-19,Vendedor_27,BA,Vitoria da Conquista
2472,12472,1,277.81,2025-02-11,Vendedor_43,PE,Olinda
2473,12473,3,151.49,2025-06-30,Vendedor_22,RJ,Niteroi
2474,12474,4,127.35,2025-05-30,Vendedor_47,GO,Goiania
2475,12475,5,121.62,2025-08-03,Vendedor_4,DF,Brasilia
2476,12476,5,233.22,2025-05-26,Vendedor_26,SP,Campinas
2477,12477,4,131.94,2025-04-23,Vendedor_14,SP,Santos
2478,12478,3,199.77,2025-04-11,Vendedor_8,PE,Recife
2479,12479,4,275.82,2025-06-15,Vendedor_47,BA,Vitoria da Conquista
2480,12480,3,85.84,2025-07-22,Vendedor_28,GO,Goiania
2481,12481,3,107.24,2025-05-04,Vendedor_33,CE,Fortaleza
2482,12482,4,173.38,2025-04-27,Vendedor_22,GO,Aparecida de Goiania
2483,12483,3,285.05,2025-03-09,Vendedor_14,DF,Brasilia
2484,12484,2,184.02,2025-03-07,Vendedor_9,SP,Sao Paulo
2485,12485,3,189.74,2025-07-14,Vendedor_24,SP,Campinas
2486,12486,1,90.74,2025-01-29,Vendedor_32,RS,Porto Alegre
2487,12487,3,204.43,2025-02-19,Vendedor_11,MG,Uberlandia
2488,12488,2,299.69,2025-08-06,Vendedor_38,GO,Goiania
2489,12489,2,223.18,2025-02-15,Vendedor_15,GO,Anapolis
2490,12490,5,291.48,2025-03-04,Vendedor_40,GO,Anapolis
2491,12491,6,283.66,2025-06-20,Vendedor_48,MG,Juiz de Fora
2492,12492,2,263.48,2025-01-05,Vendedor_50,DF,Brasilia
2493,12493,4,127.18,2025-05-12,Vendedor_6,PE,Olinda
2494,12494,6,182.91,2025-08-13,Vendedor_18,RS,Porto Alegre
2495,12495,4,209.63,2025-01-25,Vendedor_8,CE,Sobral
2496,12496,3,230.23,2025-02-16,Vendedor_34,SP,Sao Paulo
2497,12497,2,203.1,2025-06-20,Vendedor_38,BA,Salvador
2498,12498,4,206.7,2025-08-11,Vendedor_25,PR,Maringa
2499,12499,6,133.13,2025-07-02,Vendedor_11,RS,Pelotas
2500,12500,2,120.03,2025-03-01,Vendedor_29,PE,Recife
2501,12501,6,125.3,2025-07-09,Vendedor_27,PE,Recife
2502,12502,2,142.71,2025-05-23,Vendedor_5,DF,Brasilia
2503,12503,5,127.58,2025-03-06,Vendedor_9,DF,Brasilia
2504,12504,4,155.96,2025-08-01,Vendedor_36,CE,Juazeiro do Norte
2505,12505,3,218.44,2025-03-09,Vendedor_23,DF,Brasilia
2506,12506,4,237.95,2025-05-26,Vendedor_13,RS,Caxias do Sul
2507,12507,5,184.68,2025-03-23,Vendedor_36,CE,Sobral
2508,12508,3,121.85,2025-02-09,Vendedor_40,RJ,Niteroi
2509,12509,3,219.68,2025-07-12,Vendedor_21,MG,Belo Horizonte
2510,12510,2,274.73,2025-07-19,Vendedor_44,DF,Brasilia
2511,12511,4,240.34,2025-03-03,Vendedor_9,SP,Campinas
2512,12512,1,99.97,2025-03-16,Vendedor_2,RS,Porto Alegre
2513,12513,1,113.34,2025-05-18,Vendedor_25,SP,Campinas
2514,12514,1,204.69,2025-05-13,Vendedor_1,GO,Goiania
2515,12515,2,229.59,2025-05-20,Vendedor_8,RS,Pelotas
2516,12516,1,141.15,2025-01-01,Vendedor_32,PR,Curitiba
2517,12517,6,124.79,2025-02-19,Vendedor_32,MG,Belo Horizonte
2518,12518,1,166.06,2025-06-08,Vendedor_21,RJ,Volta Redonda
2519,12519,3,120.91,2025-04-12,Vendedor_22,PE,Recife
2520,12520,3,191.42,2025-03-03,Vendedor_2,MG,Juiz de Fora
2521,12521,6,96.22,2025-04-23,Vendedor_43,GO,Goiania
2522,12522,1,253.73,2025-06-04,Vendedor_10,RS,Porto Alegre
2523,12523,2,243.83,2025-08-13,Vendedor_1,GO,Goiania
2524,12524,6,121.67,2025-02-13,Vendedor_45,RJ,Volta Redonda
2525,12525,5,238.91,2025-05-28,Vendedor_43,RS,Caxias do Sul
2526,12526,2,167.61,2025-06-12,Vendedor_44,RJ,Niteroi
2527,12527,5,184.99,2025-05-16,Vendedor_10,RS,Pelotas
2528,12528,3,162.71,2025-08-09,Vendedor_43,RS,Pelotas
2529,12529,1,280.21,2025-01-14,Vendedor_37,BA,Salvador
2530,12530,4,224.83,2025-03-20,Vendedor_8,GO,Aparecida de Goiania
2531,12531,5,148.5,2025-03-13,Vendedor_4,MG,Juiz de Fora
2532,12532,6,249.09,2025-04-17,Vendedor_34,DF,Brasilia
2533,12533,1,160.03,2025-02-16,Vendedor_26,SP,Sao Paulo
2534,12534,6,95.25,2025-07-12,Vendedor_29,BA,Feira de Santana
2535,12535,3,154.54,2025-08-23,Vendedor_8,GO,Goiania
2536,12536,1,87.28,2025-02-05,Vendedor_19,BA,Salvador
2537,12537,6,106.53,2025-08-18,Vendedor_8,PR,Londrina
2538,12538,1,90.15,2025-08-01,Vendedor_12,BA,Feira de Santana
2539,12539,4,165.18,2025-08-10,Vendedor_18,GO,Goiania
2540,12540,5,295.1,2025-01-07,Vendedor_13,PE,Petrolina
2541,12541,1,271.23,2025-08-23,Vendedor_2,BA,Vitoria da Conquista
2542,12542,6,263.61,2025-06-23,Vendedor_46,SP,Campinas
2543,12543,5,80.88,2025-05-14,Vendedor_19,PR,Curitiba
2544,12544,5,141.38,2025-07-19,Vendedor_23,RJ,Volta Redonda
2545,12545,2,125.31,2025-06-27,Vendedor_14,GO,Goiania
2546,12546,4,255.76,2025-08-10,Vendedor_32,PE,Olinda
2547,12547,3,88.48,2025-04-30,Vendedor_24,GO,Goiania
2548,12548,6,244.02,2025-04-22,Vendedor_9,RJ,Niteroi
2549,12549,2,211.47,2025-02-25,Vendedor_46,PE,Olinda
2550,12550,3,119.41,2025-08-19,Vendedor_49,BA,Vitoria da Conquista
2551,12551,2,222.08,2025-08-02,Vendedor_10,GO,Anapolis
2552,12552,5,142.32,2025-01-15,Vendedor_34,CE,Juazeiro do Norte
2553,12553,1,113.25,2025-07-12,Vendedor_46,MG,Juiz de Fora
2554,12554,6,157.93,2025-05-21,Vendedor_12,CE,Sobral
2555,12555,5,283.11,2025-02-18,Vendedor_14,RJ,Niteroi
2556,12556,6,215.78,2025-06-22,Vendedor_21,MG,Juiz de Fora
2557,12557,1,203.25,2025-05-09,Vendedor_44,RJ,Rio de Janeiro
2558,12558,1,240.65,2025-03-05,Vendedor_23,PE,Recife
2559,12559,2,172.2,2025-04-22,Vendedor_1,PE,Olinda
2560,12560,5,206.5,2025-06-23,Vendedor_39,PR,Maringa
2561,12561,4,135.47,2025-08-11,Vendedor_17,CE,Fortaleza
2562,12562,2,185.08,2025-08-12,Vendedor_47,RS,Pelotas
2563,12563,3,250.25,2025-03-26,Vendedor_33,DF,Brasilia
2564,12564,4,239.51,2025-05-17,Vendedor_15,BA,Salvador
2565,12565,2,256.63,2025-03-01,Vendedor_3,CE,Fortaleza
2566,12566,3,209.06,2025-08-23,Vendedor_24,RS,Caxias do Sul
2567,12567,3,265.59,2025-07-03,Vendedor_17,MG,Juiz de Fora
2568,12568,4,105.06,2025-05-12,Vendedor_38,PR,Maringa
2569,12569,4,282.8,2025-05-18,Vendedor_11,BA,Feira de Santana
2570,12570,2,107.69,2025-03-19,Vendedor_26,BA,Vitoria da Conquista
2571,12571,1,223.96,2025-03-30,Vendedor_13,RJ,Volta Redonda
2572,12572,1,217.39,2025-04-29,Vendedor_43,DF,Brasilia
2573,12573,6,239.51,2025-07-23,Vendedor_12,DF,Brasilia
2574,12574,6,142.66,2025-04-02,Vendedor_16,GO,Goiania
2575,12575,5,224.62,2025-02-12,Vendedor_15,GO,Goiania
2576,12576,3,91.46,2025-06-30,Vendedor_19,PE,Petrolina
2577,12577,2,156.67,2025-04-24,Vendedor_19,PR,Maringa
2578,12578,2,229.93,2025-01-09,Vendedor_37,PR,Maringa
2579,12579,3,179.9,2025-03-05,Vendedor_7,SP,Sao Paulo
2580,12580,3,299.19,2025-04-06,Vendedor_13,MG,Belo Horizonte
2581,12581,6,186.58,2025-01-14,Vendedor_5,RJ,Rio de Janeiro
2582,12582,5,228.06,2025-06-16,Vendedor_17,PE,Olinda
2583,12583,3,255.28,2025-04-14,Vendedor_32,MG,Uberlandia
2584,12584,6,272.72,2025-03-15,Vendedor_11,RS,Pelotas
2585,12585,4,206.51,2025-07-21,Vendedor_35,RJ,Volta Redonda
2586,12586,1,246.09,2025-05-09,Vendedor_7,MG,Belo Horizonte
2587,12587,5,266.75,2025-08-25,Vendedor_22,RS,Pelotas
2588,12588,1,113.17,2025-03-25,Vendedor_5,MG,Uberlandia
2589,12589,2,135.42,2025-05-26,Vendedor_8,MG,Uberlandia
2590,12590,3,84.94,2025-02-10,Vendedor_14,PE,Petrolina
2591,12591,6,219.88,2025-03-02,Vendedor_29,SP,Sao Paulo
2592,12592,3,207.21,2025-02-04,Vendedor_29,MG,Juiz de Fora
2593,12593,1,263.1,2025-03-13,Vendedor_41,RJ,Niteroi
2594,12594,5,182.22,2025-07-23,Vendedor_42,RJ,Volta Redonda
2595,12595,6,210.05,2025-02-03,Vendedor_30,MG,Uberlandia
2596,12596,4,262.17,2025-04-08,Vendedor_28,RJ,Rio de Janeiro
2597,12597,2,88.56,2025-02-02,Vendedor_22,MG,Belo Horizonte
2598,12598,6,103.54,2025-05-29,Vendedor_24,PE,Recife
2599,12599,6,146.74,2025-01-22,Vendedor_36,GO,Goiania
2600,12600,1,131.09,2025-07-16,Vendedor_24,GO,Goiania
2601,12601,4,118.14,2025-06-01,Vendedor_35,RS,Pelotas
2602,12602,1,86.15,2025-02-19,Vendedor_2,BA,Feira de Santana
2603,12603,3,296.35,2025-08-30,Vendedor_40,RS,Porto Alegre
2604,12604,5,227.67,2025-05-31,Vendedor_9,PE,Recife
2605,12605,2,227.72,2025-03-03,Vendedor_20,DF,Brasilia
2606,12606,4,239.85,2025-06-03,Vendedor_13,BA,Feira de Santana
2607,12607,5,289.0,2025-06-27,Vendedor_5,MG,Juiz de Fora
2608,12608,6,184.18,2025-04-27,Vendedor_12,RJ,Niteroi
2609,12609,3,226.37,2025-08-27,Vendedor_20,GO,Aparecida de Goiania
2610,12610,3,274.37,2025-08-31,Vendedor_44,BA,Feira de Santana
2611,12611,6,180.84,2025-04-20,Vendedor_16,RJ,Volta Redonda
2612,12612,5,205.16,2025-03-03,Vendedor_38,BA,Salvador
2613,12613,6,126.48,2025-01-14,Vendedor_3,MG,Juiz de Fora
2614,12614,5,202.07,2025-01-29,Vendedor_19,DF,Brasilia
2615,12615,1,222.34,2025-08-30,Vendedor_27,PE,Petrolina
2616,12616,5,105.67,2025-02-12,Vendedor_17,MG,Uberlandia
2617,12617,6,198.17,2025-05-19,Vendedor_23,RS,Porto Alegre
2618,12618,6,122.6,2025-03-04,Vendedor_11,RJ,Volta Redonda
2619,12619,6,245.13,2025-03-29,Vendedor_36,GO,Anapolis
2620,12620,4,276.29,2025-02-23,Vendedor_41,CE,Juazeiro do Norte
2621,12621,2,298.67,2025-06-24,Vendedor_21,SP,Campinas
2622,12622,6,87.43,2025-03-13,Vendedor_21,PR,Londrina
2623,12623,6,201.14,2025-05-13,Vendedor_46,CE,Fortaleza
2624,12624,1,206.48,2025-01-25,Vendedor_48,PR,Londrina
2625,12625,4,273.29,2025-02-06,Vendedor_31,BA,Vitoria da Conquista
2626,12626,5,205.14,2025-04-25,Vendedor_1,MG,Belo Horizonte
2627,12627,3,104.69,2025-04-11,Vendedor_40,GO,Anapolis
2628,12628,5,229.46,2025-08-17,Vendedor_38,BA,Salvador
2629,12629,4,163.02,2025-08-06,Vendedor_34,RS,Porto Alegre
2630,12630,2,81.57,2025-07-06,Vendedor_21,CE,Juazeiro do Norte
2631,12631,2,280.07,2025-02-01,Vendedor_15,DF,Brasilia
2632,12632,5,187.05,2025-05-25,Vendedor_26,RS,Porto Alegre
2633,12633,5,248.82,2025-06-25,Vendedor_5,MG,Uberlandia
2634,12634,2,255.57,2025-03-06,Vendedor_45,GO,Anapolis
2635,12635,3,199.24,2025-02-14,Vendedor_37,PE,Petrolina
2636,12636,4,203.54,2025-07-13,Vendedor_10,PR,Curitiba
2637,12637,3,123.98,2025-02-13,Vendedor_48,PE,Recife
2638,12638,2,216.77,2025-03-12,Vendedor_21,PE,Recife
2639,12639,6,82.18,2025-07-17,Vendedor_7,MG,Belo Horizonte
2640,12640,4,91.43,2025-03-04,Vendedor_29,BA,Feira de Santana
2641,12641,1,252.32,2025-04-13,Vendedor_10,DF,Brasilia
2642,12642,4,140.56,2025-01-25,Vendedor_12,DF,Brasilia
2643,12643,3,164.16,2025-05-17,Vendedor_30,MG,Uberlandia
2644,12644,3,261.89,2025-06-29,Vendedor_3,PE,Petrolina
2645,12645,6,206.08,2025-06-22,Vendedor_10,PR,Londrina
2646,12646,4,233.41,2025-05-29,Vendedor_1,PE,Olinda
2647,12647,6,163.07,2025-05-31,Vendedor_21,RS,Porto Alegre
2648,12648,5,297.55,2025-04-03,Vendedor_1,GO,Goiania
2649,12649,4,174.29,2025-05-20,Vendedor_23,MG,Uberlandia
2650,12650,2,263.93,2025-06-17,Vendedor_26,RJ,Volta Redonda
2651,12651,4,150.07,2025-05-23,Vendedor_20,RJ,Volta Redonda
2652,12652,3,249.65,2025-05-30,Vendedor_14,DF,Brasilia
2653,12653,5,101.05,2025-01-26,Vendedor_16,SP,Santos
2654,12654,5,299.01,2025-04-16,Vendedor_17,SP,Santos
2655,12655,5,260.61,2025-02-10,Vendedor_13,RJ,Rio de Janeiro
2656,12656,1,133.89,2025-05-12,Vendedor_21,CE,Fortaleza
2657,12657,3,143.74,2025-03-12,Vendedor_25,CE,Sobral
2658,12658,5,153.16,2025-05-03,Vendedor_30,CE,Sobral
2659,12659,5,166.88,2025-08-19,Vendedor_6,CE,Juazeiro do Norte
2660,12660,3,154.84,2025-01-24,Vendedor_17,CE,Fortaleza
2661,12661,1,116.35,2025-01-05,Vendedor_22,PR,Londrina
2662,12662,5,276.98,2025-08-11,Vendedor_24,CE,Sobral
2663,12663,6,150.53,2025-03-23,Vendedor_44,DF,Brasilia
2664,12664,5,160.38,2025-06-05,Vendedor_5,PE,Petrolina
2665,12665,3,157.16,2025-06-22,Vendedor_24,BA,Feira de Santana
2666,12666,3,234.8,2025-06-29,Vendedor_16,SP,Campinas
2667,12667,4,108.65,2025-06-23,Vendedor_35,RJ,Niteroi
2668,12668,1,132.14,2025-06-24,Vendedor_42,BA,Vitoria da Conquista
2669,12669,2,142.45,2025-08-15,Vendedor_33,DF,Brasilia
2670,12670,2,225.09,2025-06-22,Vendedor_18,BA,Salvador
2671,12671,2,188.11,2025-03-22,Vendedor_23,PR,Maringa
2672,12672,2,93.71,2025-07-08,Vendedor_23,RJ,Niteroi
2673,12673,2,292.91,2025-01-19,Vendedor_45,SP,Santos
2674,12674,1,103.33,2025-08-20,Vendedor_10,DF,Brasilia
2675,12675,6,193.16,2025-02-12,Vendedor_16,GO,Anapolis
2676,12676,3,122.0,2025-01-25,Vendedor_30,CE,Sobral
2677,12677,3,206.42,2025-04-19,Vendedor_32,GO,Goiania
2678,12678,2,203.95,2025-01-04,Vendedor_10,PE,Recife
2679,12679,1,211.86,2025-02-02,Vendedor_13,MG,Uberlandia
2680,12680,4,292.49,2025-06-11,Vendedor_8,DF,Brasilia
2681,12681,4,205.19,2025-01-31,Vendedor_49,RJ,Rio de Janeiro
2682,12682,6,147.14,2025-04-01,Vendedor_15,GO,Aparecida de Goiania
2683,12683,4,87.94,2025-04-05,Vendedor_18,PR,Londrina
2684,12684,6,174.85,2025-02-16,Vendedor_48,BA,Salvador
2685,12685,1,262.26,2025-03-30,Vendedor_24,RS,Caxias do Sul
2686,12686,5,128.5,2025-03-30,Vendedor_22,PR,Londrina
2687,12687,4,274.48,2025-05-28,Vendedor_40,SP,Santos
2688,12688,3,168.39,2025-02-24,Vendedor_21,GO,Aparecida de Goiania
2689,12689,2,188.45,2025-04-17,Vendedor_23,SP,Campinas
2690,12690,5,194.96,2025-08-03,Vendedor_33,DF,Brasilia
2691,12691,2,227.65,2025-05-19,Vendedor_10,DF,Brasilia
2692,12692,3,159.35,2025-03-09,Vendedor_31,GO,Anapolis
2693,12693,2,222.88,2025-07-09,Vendedor_29,SP,Campinas
2694,12694,6,85.1,2025-05-11,Vendedor_25,PE,Olinda
2695,12695,1,104.23,2025-01-03,Vendedor_4,BA,Salvador
2696,12696,6,280.11,2025-04-07,Vendedor_40,GO,Aparecida de Goiania
2697,12697,1,168.3,2025-01-05,Vendedor_18,BA,Vitoria da Conquista
2698,12698,3,90.93,2025-08-17,Vendedor_21,RJ,Niteroi
2699,12699,4,104.13,2025-01-23,Vendedor_29,PE,Recife
2700,12700,4,134.77,2025-03-08,Vendedor_9,RJ,Niteroi
2701,12701,2,88.06,2025-08-17,Vendedor_14,MG,Juiz de Fora
2702,12702,3,220.54,2025-01-13,Vendedor_18,PR,Curitiba
2703,12703,3,188.39,2025-02-01,Vendedor_19,DF,Brasilia
2704,12704,1,272.49,2025-05-17,Vendedor_9,DF,Brasilia
2705,12705,4,234.94,2025-03-10,Vendedor_18,RS,Porto Alegre
2706,12706,4,123.46,2025-02-07,Vendedor_34,BA,Feira de Santana
2707,12707,5,120.16,2025-02-17,Vendedor_10,DF,Brasilia
2708,12708,1,242.05,2025-04-06,Vendedor_37,SP,Santos
2709,12709,4,172.59,2025-08-12,Vendedor_12,RJ,Rio de Janeiro
2710,12710,4,200.32,2025-07-10,Vendedor_32,GO,Goiania
2711,12711,6,285.77,2025-01-23,Vendedor_46,PE,Petrolina
2712,12712,2,87.3,2025-01-12,Vendedor_40,PE,Recife
2713,12713,4,250.34,2025-05-04,Vendedor_29,PE,Recife
2714,12714,2,124.74,2025-01-21,Vendedor_6,PR,Londrina
2715,12715,4,255.86,2025-02-05,Vendedor_1,GO,Goiania
2716,12716,6,200.69,2025-01-27,Vendedor_19,RJ,Rio de Janeiro
2717,12717,6,156.7,2025-02-17,Vendedor_10,GO,Aparecida de Goiania
2718,12718,2,194.28,2025-05-07,Vendedor_1,DF,Brasilia
2719,12719,1,156.01,2025-06-01,Vendedor_30,PE,Petrolina
2720,12720,2,87.52,2025-07-31,Vendedor_44,RS,Pelotas
2721,12721,4,206.62,2025-04-30,Vendedor_5,DF,Brasilia
2722,12722,1,215.73,2025-04-15,Vendedor_44,PE,Recife
2723,12723,6,155.94,2025-04-25,Vendedor_36,BA,Salvador
2724,12724,3,86.52,2025-05-22,Vendedor_17,DF,Brasilia
2725,12725,4,142.0,2025-04-27,Vendedor_1,PR,Londrina
2726,12726,4,281.23,2025-07-03,Vendedor_12,MG,Juiz de Fora
2727,12727,5,101.05,2025-06-26,Vendedor_14,BA,Feira de Santana
2728,12728,5,114.83,2025-07-24,Vendedor_34,DF,Brasilia
2729,12729,1,271.83,2025-01-15,Vendedor_17,SP,Santos
2730,12730,6,140.82,2025-07-02,Vendedor_9,RS,Pelotas
2731,12731,3,131.99,2025-05-18,Vendedor_5,GO,Anapolis
2732,12732,2,142.02,2025-07-18,Vendedor_9,MG,Juiz de Fora
2733,12733,6,274.83,2025-01-15,Vendedor_46,GO,Aparecida de Goiania
2734,12734,5,116.97,2025-01-06,Vendedor_30,RS,Pelotas
2735,12735,3,232.73,2025-08-15,Vendedor_41,DF,Brasilia
2736,12736,3,270.9,2025-01-19,Vendedor_35,GO,Goiania
2737,12737,1,296.92,2025-03-17,Vendedor_18,SP,Santos
2738,12738,2,294.56,2025-06-30,Vendedor_44,BA,Salvador
2739,12739,1,276.15,2025-06-09,Vendedor_21,MG,Juiz de Fora
2740,12740,3,156.29,2025-01-12,Vendedor_3,CE,Sobral
2741,12741,2,237.42,2025-03-29,Vendedor_14,BA,Salvador
2742,12742,6,111.35,2025-06-12,Vendedor_11,PE,Olinda
2743,12743,4,231.38,2025-07-09,Vendedor_25,PE,Recife
2744,12744,5,203.71,2025-06-19,Vendedor_37,MG,Belo Horizonte
2745,12745,6,293.83,2025-08-29,Vendedor_10,RS,Porto Alegre
2746,12746,2,129.86,2025-07-13,Vendedor_46,CE,Fortaleza
2747,12747,5,129.97,2025-01-07,Vendedor_21,DF,Brasilia
2748,12748,6,274.92,2025-08-08,Vendedor_16,PE,Olinda
2749,12749,4,210.02,2025-01-13,Vendedor_38,MG,Belo Horizonte
2750,12750,6,226.07,2025-06-22,Vendedor_32,PE,Olinda
2751,12751,6,156.27,2025-07-27,Vendedor_4,GO,Aparecida de Goiania
2752,12752,1,106.5,2025-02-04,Vendedor_1,DF,Brasilia
2753,12753,1,199.15,2025-08-29,Vendedor_10,PE,Recife
2754,12754,3,201.23,2025-03-19,Vendedor_8,RS,Pelotas
2755,12755,1,261.94,2025-04-24,Vendedor_32,SP,Santos
2756,12756,2,273.52,2025-05-22,Vendedor_3,RS,Caxias do Sul
2757,12757,5,186.89,2025-01-01,Vendedor_48,BA,Vitoria da Conquista
2758,12758,6,131.28,2025-05-19,Vendedor_31,PE,Recife
2759,12759,2,231.16,2025-01-10,Vendedor_23,PR,Londrina
2760,12760,5,223.57,2025-06-17,Vendedor_37,PR,Curitiba
2761,12761,4,202.22,2025-03-19,Vendedor_8,PE,Petrolina
2762,12762,5,188.47,2025-07-10,Vendedor_49,RJ,Volta Redonda
2763,12763,3,121.34,2025-02-07,Vendedor_46,CE,Fortaleza
2764,12764,1,167.26,2025-04-07,Vendedor_42,CE,Sobral
2765,12765,2,254.1,2025-06-06,Vendedor_29,SP,Sao Paulo
2766,12766,6,195.08,2025-06-28,Vendedor_48,PE,Petrolina
2767,12767,2,170.59,2025-07-08,Vendedor_33,BA,Salvador
2768,12768,6,179.73,2025-01-08,Vendedor_25,SP,Santos
2769,12769,1,279.03,2025-08-13,Vendedor_48,PR,Londrina
2770,12770,4,220.55,2025-03-02,Vendedor_2,PR,Londrina
2771,12771,5,148.8,2025-05-11,Vendedor_5,RJ,Volta Redonda
2772,12772,2,119.77,2025-05-17,Vendedor_14,GO,Goiania
2773,12773,6,249.32,2025-01-13,Vendedor_35,DF,Brasilia
2774,12774,3,233.49,2025-01-06,Vendedor_14,MG,Belo Horizonte
2775,12775,6,188.71,2025-05-02,Vendedor_39,MG,Belo Horizonte
2776,12776,2,208.39,2025-02-05,Vendedor_19,BA,Salvador
2777,12777,6,151.26,2025-08-18,Vendedor_16,RS,Pelotas
2778,12778,6,128.92,2025-07-16,Vendedor_18,RJ,Volta Redonda
2779,12779,6,107.09,2025-05-14,Vendedor_2,GO,Anapolis
2780,12780,1,144.5,2025-01-15,Vendedor_3,RJ,Volta Redonda
2781,12781,3,118.04,2025-01-31,Vendedor_7,DF,Brasilia
2782,12782,4,185.45,2025-06-13,Vendedor_41,BA,Feira de Santana
2783,12783,2,295.23,2025-08-13,Vendedor_12,RS,Pelotas
2784,12784,5,180.98,2025-05-15,Vendedor_16,DF,Brasilia
2785,12785,3,80.46,2025-03-05,Vendedor_18,RS,Pelotas
2786,12786,2,281.39,2025-05-27,Vendedor_35,PE,Petrolina
2787,12787,5,168.08,2025-02-24,Vendedor_32,SP,Campinas
2788,12788,3,104.8,2025-05-10,Vendedor_10,DF,Brasilia
2789,12789,5,177.36,2025-04-08,Vendedor_33,PR,Londrina
2790,12790,3,237.65,2025-02-26,Vendedor_16,PE,Petrolina
2791,12791,5,152.93,2025-04-22,Vendedor_23,DF,Brasilia
2792,12792,5,211.85,2025-02-20,Vendedor_30,PR,Maringa
2793,12793,2,109.17,2025-06-13,Vendedor_46,BA,Salvador
2794,12794,3,297.95,2025-06-12,Vendedor_8,RJ,Niteroi
2795,12795,4,196.7,2025-02-06,Vendedor_1,DF,Brasilia
2796,12796,6,82.09,2025-02-05,Vendedor_9,DF,Brasilia
2797,12797,5,234.83,2025-01-05,Vendedor_33,RS,Caxias do Sul
2798,12798,6,210.74,2025-03-31,Vendedor_16,PR,Maringa
2799,12799,2,87.33,2025-05-29,Vendedor_4,BA,Feira de Santana
2800,12800,2,94.68,2025-02-22,Vendedor_42,GO,Aparecida de Goiania
2801,12801,3,122.58,2025-03-30,Vendedor_7,BA,Salvador
2802,12802,6,111.96,2025-02-14,Vendedor_30,SP,Santos
2803,12803,2,207.1,2025-08-29,Vendedor_3,DF,Brasilia
2804,12804,6,168.82,2025-08-05,Vendedor_7,GO,Aparecida de Goiania
2805,12805,6,104.65,2025-07-23,Vendedor_26,DF,Brasilia
2806,12806,1,80.19,2025-02-07,Vendedor_40,PE,Recife
2807,12807,5,177.49,2025-08-26,Vendedor_24,RS,Pelotas
2808,12808,3,291.09,2025-07-17,Vendedor_16,MG,Uberlandia
2809,12809,1,140.55,2025-01-07,Vendedor_34,PR,Maringa
2810,12810,5,121.62,2025-01-08,Vendedor_50,DF,Brasilia
2811,12811,3,232.65,2025-01-30,Vendedor_8,PR,Londrina
2812,12812,3,247.27,2025-07-31,Vendedor_48,PE,Recife
2813,12813,4,103.94,2025-04-15,Vendedor_31,CE,Juazeiro do Norte
2814,12814,2,115.7,2025-08-30,Vendedor_21,MG,Juiz de Fora
2815,12815,3,214.59,2025-07-24,Vendedor_11,MG,Belo Horizonte
2816,12816,2,158.81,2025-07-27,Vendedor_30,RS,Porto Alegre
2817,12817,6,102.03,2025-06-01,Vendedor_30,DF,Brasilia
2818,12818,1,212.04,2025-03-22,Vendedor_11,DF,Brasilia
2819,12819,2,226.65,2025-04-30,Vendedor_38,RJ,Niteroi
2820,12820,4,226.52,2025-03-18,Vendedor_12,RS,Caxias do Sul
2821,12821,1,177.8,2025-04-10,Vendedor_26,PR,Londrina
2822,12822,4,280.34,2025-03-25,Vendedor_42,SP,Sao Paulo
2823,12823,4,169.39,2025-03-17,Vendedor_28,GO,Anapolis
2824,12824,1,150.74,2025-05-29,Vendedor_9,BA,Vitoria da Conquista
2825,12825,4,167.12,2025-06-15,Vendedor_10,DF,Brasilia
2826,12826,6,242.44,2025-02-06,Vendedor_15,DF,Brasilia
2827,12827,5,210.7,2025-03-26,Vendedor_32,PE,Recife
2828,12828,2,152.43,2025-01-21,Vendedor_12,RS,Pelotas
2829,12829,1,193.2,2025-05-04,Vendedor_17,CE,Juazeiro do Norte
2830,12830,4,168.24,2025-08-15,Vendedor_47,BA,Feira de Santana
2831,12831,1,293.76,2025-08-13,Vendedor_9,RS,Caxias do Sul
2832,12832,4,194.78,2025-03-11,Vendedor_18,MG,Uberlandia
2833,12833,2,112.1,2025-04-23,Vendedor_29,SP,Sao Paulo
2834,12834,3,178.07,2025-05-13,Vendedor_7,RJ,Volta Redonda
2835,12835,2,133.37,2025-06-06,Vendedor_25,RS,Caxias do Sul
2836,12836,6,172.19,2025-05-29,Vendedor_13,GO,Anapolis
2837,12837,4,123.27,2025-07-14,Vendedor_49,BA,Salvador
2838,12838,4,157.01,2025-07-23,Vendedor_37,RS,Caxias do Sul
2839,12839,6,271.81,2025-02-16,Vendedor_12,PR,Curitiba
2840,12840,6,132.51,2025-05-04,Vendedor_45,RS,Pelotas
2841,12841,4,223.53,2025-07-09,Vendedor_35,PE,Petrolina
2842,12842,6,182.36,2025-05-19,Vendedor_22,SP,Sao Paulo
2843,12843,1,294.68,2025-01-13,Vendedor_15,CE,Sobral
2844,12844,6,85.07,2025-01-13,Vendedor_7,RS,Caxias do Sul
2845,12845,1,169.03,2025-02-11,Vendedor_38,BA,Vitoria da Conquista
2846,12846,1,198.31,2025-07-09,Vendedor_6,MG,Belo Horizonte
2847,12847,3,146.58,2025-05-22,Vendedor_45,CE,Sobral
2848,12848,6,290.84,2025-07-02,Vendedor_37,GO,Aparecida de Goiania
2849,12849,6,276.3,2025-07-26,Vendedor_49,MG,Juiz de Fora
2850,12850,4,140.63,2025-06-02,Vendedor_6,GO,Goiania
2851,12851,5,125.55,2025-02-09,Vendedor_50,PR,Maringa
2852,12852,1,88.63,2025-05-30,Vendedor_19,PE,Petrolina
2853,12853,1,116.38,2025-04-20,Vendedor_33,CE,Juazeiro do Norte
2854,12854,6,259.08,2025-01-16,Vendedor_5,MG,Juiz de Fora
2855,12855,4,275.7,2025-05-04,Vendedor_47,SP,Campinas
2856,12856,3,130.52,2025-03-14,Vendedor_33,SP,Santos
2857,12857,5,223.01,2025-07-24,Vendedor_21,PE,Petrolina
2858,12858,1,181.65,2025-07-20,Vendedor_15,PE,Recife
2859,12859,2,89.83,2025-07-30,Vendedor_27,SP,Campinas
2860,12860,5,110.25,2025-01-19,Vendedor_30,CE,Juazeiro do Norte
2861,12861,5,134.59,2025-07-23,Vendedor_5,DF,Brasilia
2862,12862,5,296.15,2025-05-18,Vendedor_23,BA,Vitoria da Conquista
2863,12863,5,195.36,2025-01-13,Vendedor_46,PR,Londrina
2864,12864,5,212.03,2025-05-12,Vendedor_41,RS,Porto Alegre
2865,12865,4,225.01,2025-05-09,Vendedor_21,CE,Sobral
2866,12866,5,185.66,2025-03-20,Vendedor_1,RJ,Volta Redonda
2867,12867,5,255.57,2025-03-07,Vendedor_9,DF,Brasilia
2868,12868,2,258.98,2025-07-19,Vendedor_34,GO,Anapolis
2869,12869,3,84.41,2025-03-03,Vendedor_32,CE,Sobral
2870,12870,3,256.73,2025-07-12,Vendedor_48,GO,Goiania
2871,12871,1,107.14,2025-02-25,Vendedor_6,SP,Santos
2872,12872,1,273.27,2025-02-19,Vendedor_23,GO,Aparecida de Goiania
2873,12873,4,84.86,2025-06-22,Vendedor_39,PE,Olinda
2874,12874,5,240.14,2025-06-06,Vendedor_16,CE,Sobral
2875,12875,3,293.63,2025-07-08,Vendedor_17,PR,Maringa
2876,12876,1,117.23,2025-08-03,Vendedor_14,GO,Aparecida de Goiania
2877,12877,3,257.45,2025-02-18,Vendedor_15,BA,Feira de Santana
2878,12878,3,147.92,2025-06-16,Vendedor_47,DF,Brasilia
2879,12879,3,168.08,2025-02-16,Vendedor_42,MG,Belo Horizonte
2880,12880,1,219.38,2025-02-10,Vendedor_4,PR,Londrina
2881,12881,5,261.21,2025-01-17,Vendedor_38,RJ,Rio de Janeiro
2882,12882,1,197.29,2025-03-18,Vendedor_42,CE,Sobral
2883,12883,6,248.96,2025-03-04,Vendedor_26,SP,Campinas
2884,12884,3,265.88,2025-03-20,Vendedor_6,BA,Salvador
2885,12885,5,281.6,2025-06-30,Vendedor_26,GO,Anapolis
2886,12886,3,203.04,2025-05-16,Vendedor_32,DF,Brasilia
2887,12887,6,160.1,2025-06-09,Vendedor_19,RS,Porto Alegre
2888,12888,3,234.99,2025-04-27,Vendedor_50,GO,Goiania
2889,12889,2,280.65,2025-01-07,Vendedor_44,GO,Goiania
2890,12890,1,131.15,2025-06-25,Vendedor_38,BA,Vitoria da Conquista
2891,12891,5,208.67,2025-07-24,Vendedor_45,RS,Caxias do Sul
2892,12892,4,148.74,2025-08-25,Vendedor_23,MG,Uberlandia
2893,12893,3,217.0,2025-03-20,Vendedor_10,BA,Feira de Santana
2894,12894,5,223.88,2025-07-29,Vendedor_46,SP,Sao Paulo
2895,12895,6,282.3,2025-06-23,Vendedor_40,SP,Sao Paulo
2896,12896,3,181.73,2025-07-07,Vendedor_14,BA,Feira de Santana
2897,12897,2,180.64,2025-03-22,Vendedor_10,DF,Brasilia
2898,12898,2,295.14,2025-02-16,Vendedor_29,SP,Campinas
2899,12899,5,245.58,2025-06-20,Vendedor_9,RJ,Rio de Janeiro
2900,12900,4,148.08,2025-03-22,Vendedor_22,PE,Olinda
2901,12901,1,195.48,2025-03-02,Vendedor_4,RS,Caxias do Sul
2902,12902,1,149.96,2025-02-14,Vendedor_25,RJ,Rio de Janeiro
2903,12903,1,206.44,2025-07-11,Vendedor_47,RS,Porto Alegre
2904,12904,2,252.38,2025-05-12,Vendedor_17,PE,Recife
2905,12905,4,129.91,2025-03-04,Vendedor_50,CE,Sobral
2906,12906,4,141.09,2025-07-04,Vendedor_34,MG,Juiz de Fora
2907,12907,2,127.17,2025-06-12,Vendedor_47,GO,Aparecida de Goiania
2908,12908,6,112.74,2025-05-22,Vendedor_40,CE,Juazeiro do Norte
2909,12909,1,110.09,2025-04-13,Vendedor_5,RJ,Niteroi
2910,12910,4,210.48,2025-06-29,Vendedor_17,GO,Aparecida de Goiania
2911,12911,6,100.99,2025-08-24,Vendedor_14,GO,Anapolis
2912,12912,4,216.56,2025-06-18,Vendedor_9,PE,Olinda
2913,12913,2,240.3,2025-03-20,Vendedor_39,PE,Recife
2914,12914,6,204.12,2025-07-09,Vendedor_47,CE,Sobral
2915,12915,1,112.5,2025-03-27,Vendedor_25,MG,Uberlandia
2916,12916,1,236.08,2025-04-27,Vendedor_45,RJ,Rio de Janeiro
2917,12917,2,292.66,2025-07-11,Vendedor_50,MG,Uberlandia
2918,12918,4,216.7,2025-03-04,Vendedor_28,BA,Salvador
2919,12919,4,179.7,2025-01-30,Vendedor_46,PR,Londrina
2920,12920,6,142.12,2025-08-08,Vendedor_1,RS,Porto Alegre
2921,12921,5,230.35,2025-08-09,Vendedor_38,SP,Sao Paulo
2922,12922,4,240.01,2025-08-27,Vendedor_6,RS,Caxias do Sul
2923,12923,2,202.96,2025-01-28,Vendedor_4,MG,Uberlandia
2924,12924,4,139.1,2025-07-05,Vendedor_44,BA,Feira de Santana
2925,12925,1,292.59,2025-01-02,Vendedor_18,GO,Aparecida de Goiania
2926,12926,1,114.55,2025-06-08,Vendedor_35,RS,Pelotas
2927,12927,1,291.62,2025-02-20,Vendedor_16,RJ,Volta Redonda
2928,12928,3,88.75,2025-03-14,Vendedor_5,DF,Brasilia
2929,12929,3,132.93,2025-08-04,Vendedor_4,PE,Petrolina
2930,12930,2,215.81,2025-06-12,Vendedor_37,BA,Vitoria da Conquista
2931,12931,4,206.51,2025-07-27,Vendedor_11,DF,Brasilia
2932,12932,1,216.5,2025-04-02,Vendedor_16,DF,Brasilia
2933,12933,1,238.23,2025-06-01,Vendedor_23,RJ,Rio de Janeiro
2934,12934,3,96.76,2025-04-19,Vendedor_4,DF,Brasilia
2935,12935,6,222.88,2025-06-09,Vendedor_21,SP,Santos
2936,12936,5,240.07,2025-05-27,Vendedor_34,SP,Campinas
2937,12937,3,260.95,2025-08-26,Vendedor_50,CE,Fortaleza
2938,12938,2,228.57,2025-07-21,Vendedor_26,SP,Santos
2939,12939,3,161.21,2025-05-04,Vendedor_44,CE,Juazeiro do Norte
2940,12940,2,245.91,2025-03-15,Vendedor_39,CE,Sobral
2941,12941,1,129.73,2025-01-05,Vendedor_27,DF,Brasilia
2942,12942,5,105.72,2025-04-05,Vendedor_12,RS,Pelotas
2943,12943,6,186.78,2025-04-04,Vendedor_20,RJ,Niteroi
2944,12944,6,174.38,2025-08-16,Vendedor_45,SP,Sao Paulo
2945,12945,6,221.46,2025-08-08,Vendedor_36,MG,Juiz de Fora
2946,12946,2,214.93,2025-07-12,Vendedor_45,RJ,Rio de Janeiro
2947,12947,6,94.15,2025-01-24,Vendedor_37,PR,Curitiba
2948,12948,3,219.94,2025-01-16,Vendedor_40,GO,Goiania
2949,12949,1,144.78,2025-02-01,Vendedor_24,GO,Goiania
2950,12950,4,242.1,2025-06-22,Vendedor_19,BA,Vitoria da Conquista
2951,12951,4,184.68,2025-01-07,Vendedor_18,MG,Belo Horizonte
2952,12952,4,213.25,2025-08-25,Vendedor_43,RJ,Rio de Janeiro
2953,12953,2,214.18,2025-01-21,Vendedor_6,SP,Campinas
2954,12954,1,164.53,2025-06-30,Vendedor_15,RS,Porto Alegre
2955,12955,5,192.21,2025-07-25,Vendedor_38,RJ,Rio de Janeiro
2956,12956,5,191.86,2025-05-10,Vendedor_37,SP,Santos
2957,12957,1,242.23,2025-02-08,Vendedor_25,CE,Fortaleza
2958,12958,4,167.72,2025-01-09,Vendedor_50,BA,Feira de Santana
2959,12959,4,202.47,2025-06-24,Vendedor_34,MG,Uberlandia
2960,12960,4,197.91,2025-07-12,Vendedor_33,RJ,Niteroi
2961,12961,1,145.88,2025-06-08,Vendedor_27,CE,Fortaleza
2962,12962,5,296.34,2025-04-09,Vendedor_9,BA,Feira de Santana
2963,12963,2,101.24,2025-02-12,Vendedor_33,GO,Aparecida de Goiania
2964,12964,4,158.9,2025-03-10,Vendedor_41,CE,Fortaleza
2965,12965,3,291.88,2025-07-28,Vendedor_17,BA,Vitoria da Conquista
2966,12966,4,219.44,2025-03-08,Vendedor_36,GO,Goiania
2967,12967,4,114.59,2025-07-02,Vendedor_48,DF,Brasilia
2968,12968,5,98.24,2025-07-14,Vendedor_3,CE,Fortaleza
2969,12969,4,161.66,2025-05-01,Vendedor_30,CE,Sobral
2970,12970,1,112.94,2025-02-03,Vendedor_40,DF,Brasilia
2971,12971,3,214.43,2025-02-12,Vendedor_16,BA,Salvador
2972,12972,5,235.12,2025-02-11,Vendedor_21,PR,Maringa
2973,12973,4,284.37,2025-07-04,Vendedor_43,BA,Feira de Santana
2974,12974,6,111.08,2025-04-24,Vendedor_39,RS,Pelotas
2975,12975,1,98.1,2025-02-11,Vendedor_9,DF,Brasilia
2976,12976,6,217.55,2025-04-16,Vendedor_45,MG,Belo Horizonte
2977,12977,2,134.04,2025-08-23,Vendedor_6,PE,Olinda
2978,12978,4,155.32,2025-07-03,Vendedor_30,SP,Sao Paulo
2979,12979,6,117.48,2025-04-19,Vendedor_46,BA,Salvador
2980,12980,4,158.71,2025-01-22,Vendedor_46,MG,Juiz de Fora
2981,12981,1,141.98,2025-08-29,Vendedor_24,MG,Uberlandia
2982,12982,6,263.11,2025-08-31,Vendedor_10,CE,Juazeiro do Norte
2983,12983,5,112.36,2025-02-24,Vendedor_34,CE,Sobral
2984,12984,1,172.92,2025-01-23,Vendedor_41,RJ,Niteroi
2985,12985,2,159.33,2025-07-17,Vendedor_39,CE,Fortaleza
2986,12986,3,122.07,2025-07-19,Vendedor_32,RJ,Rio de Janeiro
2987,12987,4,149.71,2025-07-04,Vendedor_26,GO,Anapolis
2988,12988,6,242.93,2025-01-07,Vendedor_28,RJ,Niteroi
2989,12989,2,257.53,2025-05-12,Vendedor_5,DF,Brasilia
2990,12990,4,157.48,2025-02-26,Vendedor_3,PR,Maringa
2991,12991,1,164.19,2025-01-02,Vendedor_7,RS,Pelotas
2992,12992,1,223.34,2025-08-16,Vendedor_22,SP,Sao Paulo
2993,12993,6,200.2,2025-02-01,Vendedor_30,MG,Belo Horizonte
2994,12994,1,188.81,2025-02-14,Vendedor_28,DF,Brasilia
2995,12995,6,254.45,2025-06-12,Vendedor_24,RS,Porto Alegre
2996,12996,3,278.71,2025-01-05,Vendedor_25,CE,Sobral
2997,12997,3,155.07,2025-08-08,Vendedor_34,RS,Pelotas
2998,12998,2,86.8,2025-03-16,Vendedor_27,DF,Brasilia
2999,12999,5,163.03,2025-07-20,Vendedor_45,DF,Brasilia
3000,13000,6,148.44,2025-02-05,Vendedor_8,GO,Anapolis
3001,13001,6,224.97,2025-04-13,Vendedor_43,DF,Brasilia
3002,13002,2,255.1,2025-03-07,Vendedor_32,GO,Aparecida de Goiania
3003,13003,6,148.98,2025-07-17,Vendedor_40,CE,Fortaleza
3004,13004,4,97.63,2025-03-27,Vendedor_47,SP,Sao Paulo
3005,13005,2,161.14,2025-04-04,Vendedor_45,BA,Vitoria da Conquista
3006,13006,3,186.97,2025-07-05,Vendedor_14,PR,Curitiba
3007,13007,2,140.46,2025-01-05,Vendedor_2,PE,Olinda
3008,13008,1,156.89,2025-04-03,Vendedor_40,SP,Sao Paulo
3009,13009,6,201.49,2025-03-11,Vendedor_24,CE,Juazeiro do Norte
3010,13010,6,241.95,2025-04-28,Vendedor_43,SP,Sao Paulo
3011,13011,5,201.29,2025-05-08,Vendedor_3,SP,Santos
3012,13012,1,169.33,2025-05-06,Vendedor_1,SP,Campinas
3013,13013,4,275.24,2025-03-02,Vendedor_28,RS,Caxias do Sul
3014,13014,1,239.63,2025-04-18,Vendedor_26,GO,Aparecida de Goiania
3015,13015,6,268.56,2025-01-01,Vendedor_25,RS,Caxias do Sul
3016,13016,3,232.26,2025-07-13,Vendedor_27,PR,Curitiba
3017,13017,4,155.65,2025-08-18,Vendedor_10,CE,Juazeiro do Norte
3018,13018,1,193.0,2025-02-24,Vendedor_40,GO,Anapolis
3019,13019,1,244.41,2025-02-11,Vendedor_24,CE,Fortaleza
3020,13020,2,276.07,2025-03-09,Vendedor_32,CE,Juazeiro do Norte
3021,13021,5,211.04,2025-05-16,Vendedor_45,SP,Campinas
3022,13022,1,224.99,2025-01-21,Vendedor_11,RJ,Volta Redonda
3023,13023,5,267.64,2025-07-20,Vendedor_1,MG,Belo Horizonte
3024,13024,4,172.08,2025-04-12,Vendedor_45,PR,Londrina
3025,13025,5,174.46,2025-04-08,Vendedor_2,PR,Londrina
3026,13026,1,284.09,2025-03-05,Vendedor_15,SP,Sao Paulo
3027,13027,6,270.18,2025-02-22,Vendedor_8,PE,Petrolina
3028,13028,1,204.94,2025-01-12,Vendedor_13,BA,Feira de Santana
3029,13029,3,295.78,2025-02-13,Vendedor_26,SP,Santos
3030,13030,2,292.66,2025-05-23,Vendedor_34,CE,Fortaleza
3031,13031,5,212.84,2025-04-01,Vendedor_24,RS,Porto Alegre
3032,13032,6,150.82,2025-05-24,Vendedor_1,SP,Sao Paulo
3033,13033,5,114.7,2025-01-05,Vendedor_5,SP,Santos
3034,13034,2,175.65,2025-08-11,Vendedor_41,CE,Sobral
3035,13035,5,250.85,2025-04-11,Vendedor_41,MG,Uberlandia
3036,13036,2,158.69,2025-07-03,Vendedor_19,PE,Petrolina
3037,13037,4,143.64,2025-08-15,Vendedor_12,CE,Fortaleza
3038,13038,4,230.32,2025-08-16,Vendedor_9,MG,Belo Horizonte
3039,13039,5,212.98,2025-01-22,Vendedor_2,GO,Goiania
3040,13040,3,221.5,2025-02-14,Vendedor_8,MG,Uberlandia
3041,13041,1,91.2,2025-08-08,Vendedor_43,PE,Recife
3042,13042,5,178.23,2025-08-26,Vendedor_10,RS,Caxias do Sul
3043,13043,4,258.35,2025-01-15,Vendedor_29,SP,Sao Paulo
3044,13044,6,296.54,2025-03-20,Vendedor_23,SP,Campinas
3045,13045,5,106.18,2025-07-08,Vendedor_27,DF,Brasilia
3046,13046,2,238.94,2025-08-05,Vendedor_47,GO,Anapolis
3047,13047,2,154.23,2025-02-27,Vendedor_37,PR,Maringa
3048,13048,4,167.78,2025-04-19,Vendedor_16,PR,Curitiba
3049,13049,1,206.94,2025-04-09,Vendedor_43,CE,Juazeiro do Norte
3050,13050,2,112.52,2025-06-20,Vendedor_32,GO,Anapolis
3051,13051,4,106.1,2025-05-25,Vendedor_13,RS,Porto Alegre
3052,13052,3,120.32,2025-05-18,Vendedor_6,CE,Fortaleza
3053,13053,4,106.26,2025-02-25,Vendedor_23,MG,Belo Horizonte
3054,13054,4,84.78,2025-08-10,Vendedor_36,RS,Porto Alegre
3055,13055,1,283.96,2025-06-07,Vendedor_24,RS,Pelotas
3056,13056,1,285.87,2025-08-16,Vendedor_11,CE,Sobral
3057,13057,6,99.61,2025-05-01,Vendedor_30,MG,Uberlandia
3058,13058,1,296.02,2025-06-11,Vendedor_15,RJ,Niteroi
3059,13059,6,182.69,2025-06-19,Vendedor_17,SP,Sao Paulo
3060,13060,3,90.47,2025-02-01,Vendedor_30,DF,Brasilia
3061,13061,2,274.72,2025-05-04,Vendedor_22,RS,Pelotas
3062,13062,4,229.24,2025-03-15,Vendedor_15,PE,Petrolina
3063,13063,1,288.96,2025-04-23,Vendedor_3,PE,Petrolina
3064,13064,2,275.68,2025-04-30,Vendedor_21,BA,Feira de Santana
3065,13065,2,190.67,2025-04-13,Vendedor_38,DF,Brasilia
3066,13066,6,132.58,2025-06-17,Vendedor_47,BA,Vitoria da Conquista
3067,13067,3,179.79,2025-07-08,Vendedor_46,RS,Caxias do Sul
3068,13068,5,88.98,2025-01-07,Vendedor_9,PR,Curitiba
3069,13069,3,201.92,2025-05-01,Vendedor_46,GO,Anapolis
3070,13070,2,138.05,2025-06-04,Vendedor_44,PE,Petrolina
3071,13071,3,260.77,2025-02-25,Vendedor_15,GO,Goiania
3072,13072,1,90.69,2025-07-12,Vendedor_22,DF,Brasilia
3073,13073,6,227.37,2025-07-15,Vendedor_36,PE,Olinda
3074,13074,1,245.61,2025-04-19,Vendedor_33,DF,Brasilia
3075,13075,3,271.24,2025-08-22,Vendedor_48,GO,Aparecida de Goiania
3076,13076,2,186.19,2025-07-15,Vendedor_21,DF,Brasilia
3077,13077,1,155.47,2025-05-01,Vendedor_22,GO,Anapolis
3078,13078,4,209.07,2025-05-03,Vendedor_7,MG,Uberlandia
3079,13079,4,132.61,2025-03-14,Vendedor_27,SP,Sao Paulo
3080,13080,3,202.88,2025-03-20,Vendedor_5,SP,Santos
3081,13081,1,273.07,2025-03-15,Vendedor_24,CE,Juazeiro do Norte
3082,13082,6,279.34,2025-07-19,Vendedor_2,DF,Brasilia
3083,13083,2,192.86,2025-06-02,Vendedor_22,RS,Porto Alegre
3084,13084,2,195.56,2025-05-23,Vendedor_6,RJ,Volta Redonda
3085,13085,2,97.65,2025-07-15,Vendedor_26,CE,Fortaleza
3086,13086,1,143.18,2025-01-13,Vendedor_49,DF,Brasilia
3087,13087,4,228.34,2025-05-28,Vendedor_3,MG,Uberlandia
3088,13088,5,286.29,2025-07-12,Vendedor_4,CE,Fortaleza
3089,13089,2,167.41,2025-03-31,Vendedor_46,RS,Caxias do Sul
3090,13090,4,195.94,2025-08-15,Vendedor_48,RJ,Volta Redonda
3091,13091,6,270.87,2025-02-14,Vendedor_44,DF,Brasilia
3092,13092,2,118.06,2025-07-10,Vendedor_13,GO,Aparecida de Goiania
3093,13093,6,280.41,2025-02-25,Vendedor_37,GO,Aparecida de Goiania
3094,13094,5,190.54,2025-08-30,Vendedor_19,PE,Petrolina
3095,13095,3,130.83,2025-07-28,Vendedor_34,CE,Sobral
3096,13096,3,246.93,2025-08-08,Vendedor_45,RJ,Rio de Janeiro
3097,13097,3,87.83,2025-07-04,Vendedor_38,RS,Pelotas
3098,13098,1,80.18,2025-03-28,Vendedor_49,BA,Salvador
3099,13099,3,164.73,2025-04-12,Vendedor_44,PE,Petrolina
3100,13100,2,269.53,2025-08-05,Vendedor_8,RS,Porto Alegre
3101,13101,5,128.51,2025-06-28,Vendedor_10,CE,Juazeiro do Norte
3102,13102,5,134.27,2025-02-10,Vendedor_21,PE,Olinda
3103,13103,1,234.36,2025-03-19,Vendedor_19,MG,Juiz de Fora
3104,13104,5,150.08,2025-01-31,Vendedor_50,CE,Juazeiro do Norte
3105,13105,6,235.34,2025-05-21,Vendedor_11,CE,Sobral
3106,13106,3,173.24,2025-03-05,Vendedor_9,CE,Fortaleza
3107,13107,1,192.15,2025-05-26,Vendedor_46,SP,Campinas
3108,13108,3,177.02,2025-03-23,Vendedor_44,RJ,Rio de Janeiro
3109,13109,1,230.9,2025-01-11,Vendedor_20,DF,Brasilia
3110,13110,3,189.81,2025-08-31,Vendedor_47,DF,Brasilia
3111,13111,2,255.71,2025-04-18,Vendedor_45,DF,Brasilia
3112,13112,6,207.93,2025-04-21,Vendedor_38,PE,Olinda
3113,13113,6,261.04,2025-06-24,Vendedor_10,PE,Olinda
3114,13114,3,209.65,2025-07-17,Vendedor_1,BA,Vitoria da Conquista
3115,13115,6,194.38,2025-03-10,Vendedor_29,PR,Londrina
3116,13116,5,156.63,2025-05-03,Vendedor_31,PR,Maringa
3117,13117,4,212.41,2025-07-18,Vendedor_43,RJ,Rio de Janeiro
3118,13118,1,213.46,2025-06-12,Vendedor_26,DF,Brasilia
3119,13119,1,106.5,2025-05-09,Vendedor_20,SP,Sao Paulo
3120,13120,1,106.57,2025-01-14,Vendedor_50,BA,Vitoria da Conquista
3121,13121,4,109.8,2025-07-25,Vendedor_6,MG,Belo Horizonte
3122,13122,3,166.84,2025-04-16,Vendedor_48,RJ,Volta Redonda
3123,13123,1,275.22,2025-07-03,Vendedor_31,GO,Anapolis
3124,13124,1,278.56,2025-07-17,Vendedor_12,SP,Sao Paulo
3125,13125,3,157.65,2025-01-19,Vendedor_17,DF,Brasilia
3126,13126,6,141.64,2025-06-28,Vendedor_48,PE,Petrolina
3127,13127,4,88.71,2025-05-17,Vendedor_24,BA,Vitoria da Conquista
3128,13128,5,132.39,2025-01-24,Vendedor_6,SP,Campinas
3129,13129,6,157.82,2025-04-12,Vendedor_19,GO,Goiania
3130,13130,6,285.07,2025-03-16,Vendedor_49,CE,Juazeiro do Norte
3131,13131,5,103.9,2025-06-07,Vendedor_41,CE,Fortaleza
3132,13132,2,95.11,2025-05-21,Vendedor_46,RS,Porto Alegre
3133,13133,6,128.86,2025-04-04,Vendedor_34,RS,Caxias do Sul
3134,13134,1,256.74,2025-05-11,Vendedor_3,RJ,Volta Redonda
3135,13135,6,198.29,2025-04-11,Vendedor_38,CE,Juazeiro do Norte
3136,13136,1,210.65,2025-03-13,Vendedor_17,MG,Uberlandia
3137,13137,4,176.66,2025-05-03,Vendedor_19,RJ,Volta Redonda
3138,13138,2,241.13,2025-06-08,Vendedor_4,BA,Salvador
3139,13139,1,215.71,2025-07-09,Vendedor_13,RS,Porto Alegre
3140,13140,4,146.91,2025-03-21,Vendedor_9,PE,Olinda
3141,13141,4,255.47,2025-01-14,Vendedor_30,RS,Caxias do Sul
3142,13142,3,140.0,2025-08-01,Vendedor_4,GO,Aparecida de Goiania
3143,13143,5,292.35,2025-01-16,Vendedor_24,BA,Feira de Santana
3144,13144,6,271.36,2025-03-26,Vendedor_15,SP,Campinas
3145,13145,2,196.23,2025-06-11,Vendedor_9,CE,Fortaleza
3146,13146,5,287.28,2025-07-12,Vendedor_20,PR,Londrina
3147,13147,6,99.5,2025-06-08,Vendedor_50,SP,Sao Paulo
3148,13148,1,118.49,2025-03-22,Vendedor_31,RS,Caxias do Sul
3149,13149,1,255.26,2025-08-14,Vendedor_32,RS,Pelotas
3150,13150,5,194.27,2025-04-28,Vendedor_7,SP,Campinas
3151,13151,2,233.6,2025-07-30,Vendedor_36,RJ,Niteroi
3152,13152,5,174.53,2025-08-15,Vendedor_5,GO,Aparecida de Goiania
3153,13153,1,168.79,2025-05-30,Vendedor_2,RJ,Volta Redonda
3154,13154,5,262.5,2025-02-21,Vendedor_9,GO,Aparecida de Goiania
3155,13155,6,251.09,2025-05-24,Vendedor_26,BA,Vitoria da Conquista
3156,13156,4,136.53,2025-01-10,Vendedor_17,RJ,Volta Redonda
3157,13157,6,165.69,2025-04-20,Vendedor_32,PE,Olinda
3158,13158,3,231.86,2025-06-27,Vendedor_30,PR,Maringa
3159,13159,4,183.74,2025-01-15,Vendedor_5,RJ,Niteroi
3160,13160,2,131.24,2025-04-20,Vendedor_43,PR,Londrina
3161,13161,3,186.38,2025-08-11,Vendedor_20,BA,Vitoria da Conquista
3162,13162,1,154.94,2025-04-29,Vendedor_50,RS,Porto Alegre
3163,13163,6,146.88,2025-05-07,Vendedor_48,CE,Juazeiro do Norte
3164,13164,5,87.06,2025-06-13,Vendedor_6,BA,Salvador
3165,13165,5,227.34,2025-04-03,Vendedor_8,CE,Sobral
3166,13166,5,241.2,2025-06-18,Vendedor_32,MG,Juiz de Fora
3167,13167,5,136.75,2025-02-03,Vendedor_12,GO,Aparecida de Goiania
3168,13168,1,294.88,2025-04-08,Vendedor_26,BA,Feira de Santana
3169,13169,5,296.29,2025-05-12,Vendedor_20,BA,Salvador
3170,13170,2,286.51,2025-07-11,Vendedor_40,DF,Brasilia
3171,13171,4,108.47,2025-04-06,Vendedor_40,SP,Campinas
3172,13172,5,274.73,2025-06-10,Vendedor_13,PR,Maringa
3173,13173,2,152.5,2025-05-31,Vendedor_24,DF,Brasilia
3174,13174,3,113.77,2025-07-23,Vendedor_34,PR,Curitiba
3175,13175,2,207.95,2025-02-13,Vendedor_8,PE,Recife
3176,13176,3,104.08,2025-06-19,Vendedor_16,PR,Maringa
3177,13177,3,163.42,2025-07-14,Vendedor_21,PE,Petrolina
3178,13178,6,132.38,2025-08-27,Vendedor_22,RS,Pelotas
3179,13179,6,197.21,2025-07-29,Vendedor_31,BA,Feira de Santana
3180,13180,5,207.28,2025-03-07,Vendedor_21,GO,Goiania
3181,13181,4,221.82,2025-03-14,Vendedor_11,CE,Fortaleza
3182,13182,4,178.65,2025-01-16,Vendedor_21,CE,Fortaleza
3183,13183,6,162.74,2025-04-28,Vendedor_44,CE,Juazeiro do Norte
3184,13184,6,190.82,2025-01-22,Vendedor_24,SP,Campinas
3185,13185,4,167.57,2025-08-09,Vendedor_17,MG,Uberlandia
3186,13186,1,291.29,2025-07-25,Vendedor_5,SP,Campinas
3187,13187,3,285.86,2025-05-01,Vendedor_11,DF,Brasilia
3188,13188,2,201.95,2025-06-18,Vendedor_8,MG,Uberlandia
3189,13189,5,172.8,2025-06-08,Vendedor_6,PR,Curitiba
3190,13190,3,180.39,2025-08-06,Vendedor_9,PE,Olinda
3191,13191,4,297.47,2025-08-10,Vendedor_29,RS,Pelotas
3192,13192,1,147.51,2025-06-06,Vendedor_39,RJ,Volta Redonda
3193,13193,3,180.49,2025-06-06,Vendedor_6,BA,Vitoria da Conquista
3194,13194,4,206.07,2025-02-21,Vendedor_6,BA,Salvador
3195,13195,6,98.46,2025-04-08,Vendedor_20,RJ,Volta Redonda
3196,13196,1,167.28,2025-01-21,Vendedor_27,GO,Goiania
3197,13197,1,135.84,2025-07-17,Vendedor_15,DF,Brasilia
3198,13198,2,204.24,2025-01-16,Vendedor_24,RJ,Volta Redonda
3199,13199,5,141.01,2025-06-28,Vendedor_8,SP,Campinas
3200,13200,6,182.05,2025-04-27,Vendedor_34,PE,Petrolina
3201,13201,1,193.19,2025-01-28,Vendedor_25,PR,Maringa
3202,13202,2,145.88,2025-06-25,Vendedor_3,PR,Curitiba
3203,13203,5,245.18,2025-01-09,Vendedor_12,PE,Recife
3204,13204,4,102.21,2025-07-07,Vendedor_29,SP,Campinas
3205,13205,3,115.72,2025-07-17,Vendedor_50,RS,Pelotas
3206,13206,4,86.07,2025-06-07,Vendedor_9,RS,Pelotas
3207,13207,3,102.38,2025-07-20,Vendedor_19,GO,Aparecida de Goiania
3208,13208,4,143.26,2025-06-09,Vendedor_42,RS,Caxias do Sul
3209,13209,6,104.87,2025-01-28,Vendedor_25,CE,Juazeiro do Norte
3210,13210,1,176.15,2025-06-02,Vendedor_34,RJ,Niteroi
3211,13211,1,136.57,2025-06-05,Vendedor_29,PR,Curitiba
3212,13212,5,195.7,2025-05-24,Vendedor_23,SP,Sao Paulo
3213,13213,4,223.18,2025-04-28,Vendedor_38,SP,Campinas
3214,13214,6,290.39,2025-01-13,Vendedor_19,RS,Porto Alegre
3215,13215,2,289.96,2025-05-19,Vendedor_48,SP,Sao Paulo
3216,13216,4,237.39,2025-01-25,Vendedor_15,BA,Feira de Santana
3217,13217,6,225.52,2025-05-18,Vendedor_50,GO,Goiania
3218,13218,4,185.4,2025-04-20,Vendedor_10,CE,Fortaleza
3219,13219,3,229.43,2025-05-30,Vendedor_13,PE,Olinda
3220,13220,6,268.81,2025-06-27,Vendedor_38,DF,Brasilia
3221,13221,1,287.03,2025-03-16,Vendedor_5,PR,Londrina
3222,13222,2,252.08,2025-04-17,Vendedor_45,MG,Uberlandia
3223,13223,5,256.35,2025-08-28,Vendedor_16,MG,Juiz de Fora
3224,13224,1,129.52,2025-02-11,Vendedor_28,CE,Juazeiro do Norte
3225,13225,1,272.58,2025-07-23,Vendedor_30,MG,Juiz de Fora
3226,13226,3,246.31,2025-08-03,Vendedor_9,SP,Sao Paulo
3227,13227,2,154.04,2025-06-26,Vendedor_11,CE,Sobral
3228,13228,3,112.01,2025-06-10,Vendedor_25,SP,Campinas
3229,13229,4,129.96,2025-05-07,Vendedor_37,RJ,Rio de Janeiro
3230,13230,2,106.26,2025-01-25,Vendedor_18,DF,Brasilia
3231,13231,6,169.73,2025-01-15,Vendedor_12,RJ,Niteroi
3232,13232,6,298.15,2025-08-17,Vendedor_2,RJ,Rio de Janeiro
3233,13233,1,120.41,2025-02-13,Vendedor_1,PE,Recife
3234,13234,1,190.02,2025-02-03,Vendedor_17,BA,Salvador
3235,13235,2,89.73,2025-08-10,Vendedor_24,BA,Vitoria da Conquista
3236,13236,2,273.47,2025-03-02,Vendedor_37,GO,Anapolis
3237,13237,5,265.02,2025-08-16,Vendedor_36,MG,Juiz de Fora
3238,13238,3,83.69,2025-01-19,Vendedor_29,BA,Feira de Santana
3239,13239,6,143.47,2025-06-23,Vendedor_44,RS,Porto Alegre
3240,13240,2,188.39,2025-07-30,Vendedor_20,MG,Juiz de Fora
3241,13241,4,170.49,2025-03-02,Vendedor_46,CE,Sobral
3242,13242,6,223.39,2025-06-17,Vendedor_46,MG,Juiz de Fora
3243,13243,4,153.05,2025-03-13,Vendedor_8,CE,Fortaleza
3244,13244,1,99.07,2025-05-25,Vendedor_8,GO,Goiania
3245,13245,3,254.26,2025-06-03,Vendedor_48,SP,Campinas
3246,13246,3,245.97,2025-01-10,Vendedor_22,MG,Uberlandia
3247,13247,3,163.63,2025-01-08,Vendedor_25,BA,Feira de Santana
3248,13248,1,104.41,2025-08-07,Vendedor_9,BA,Salvador
3249,13249,5,148.41,2025-07-23,Vendedor_17,BA,Salvador
3250,13250,4,257.12,2025-08-23,Vendedor_17,SP,Santos
3251,13251,6,209.27,2025-02-27,Vendedor_23,RJ,Rio de Janeiro
3252,13252,3,140.29,2025-08-24,Vendedor_24,SP,Santos
3253,13253,2,91.9,2025-03-29,Vendedor_42,BA,Vitoria da Conquista
3254,13254,3,270.66,2025-02-22,Vendedor_3,DF,Brasilia
3255,13255,1,137.43,2025-04-09,Vendedor_15,PR,Maringa
3256,13256,3,173.09,2025-08-14,Vendedor_45,SP,Sao Paulo
3257,13257,4,164.28,2025-03-14,Vendedor_2,PR,Londrina
3258,13258,4,208.42,2025-05-08,Vendedor_37,RJ,Volta Redonda
3259,13259,5,171.53,2025-05-10,Vendedor_10,PE,Recife
3260,13260,1,267.39,2025-06-13,Vendedor_31,DF,Brasilia
3261,13261,1,155.1,2025-01-06,Vendedor_13,DF,Brasilia
3262,13262,4,236.22,2025-08-20,Vendedor_13,SP,Campinas
3263,13263,5,100.39,2025-01-27,Vendedor_27,DF,Brasilia
3264,13264,3,119.8,2025-08-28,Vendedor_4,CE,Fortaleza
3265,13265,3,206.73,2025-02-24,Vendedor_20,SP,Sao Paulo
3266,13266,4,102.03,2025-07-24,Vendedor_18,RS,Caxias do Sul
3267,13267,6,163.4,2025-02-11,Vendedor_48,MG,Juiz de Fora
3268,13268,1,278.61,2025-08-03,Vendedor_1,PE,Petrolina
3269,13269,5,140.06,2025-06-23,Vendedor_43,BA,Vitoria da Conquista
3270,13270,5,161.41,2025-05-02,Vendedor_33,MG,Uberlandia
3271,13271,5,149.07,2025-01-24,Vendedor_47,MG,Uberlandia
3272,13272,3,169.43,2025-06-24,Vendedor_43,BA,Salvador
3273,13273,6,279.58,2025-01-02,Vendedor_18,MG,Uberlandia
3274,13274,5,106.27,2025-08-03,Vendedor_26,CE,Juazeiro do Norte
3275,13275,2,96.14,2025-03-24,Vendedor_16,RJ,Niteroi
3276,13276,1,94.07,2025-03-27,Vendedor_43,SP,Santos
3277,13277,3,296.45,2025-02-25,Vendedor_34,DF,Brasilia
3278,13278,4,250.21,2025-04-21,Vendedor_44,RS,Porto Alegre
3279,13279,6,234.38,2025-05-01,Vendedor_13,SP,Sao Paulo
3280,13280,4,244.71,2025-03-08,Vendedor_1,PR,Londrina
3281,13281,5,107.66,2025-07-03,Vendedor_44,SP,Sao Paulo
3282,13282,5,150.89,2025-06-04,Vendedor_38,SP,Sao Paulo
3283,13283,6,164.61,2025-04-17,Vendedor_8,CE,Fortaleza
3284,13284,1,182.12,2025-02-11,Vendedor_37,GO,Goiania
3285,13285,2,94.51,2025-06-26,Vendedor_28,DF,Brasilia
3286,13286,4,148.86,2025-04-14,Vendedor_48,MG,Belo Horizonte
3287,13287,3,149.92,2025-07-16,Vendedor_19,RJ,Volta Redonda
3288,13288,3,255.33,2025-08-31,Vendedor_25,GO,Goiania
3289,13289,3,149.63,2025-05-21,Vendedor_21,SP,Campinas
3290,13290,1,211.51,2025-08-04,Vendedor_38,CE,Sobral
3291,13291,5,184.7,2025-04-05,Vendedor_19,PE,Recife
3292,13292,2,201.24,2025-04-06,Vendedor_40,GO,Anapolis
3293,13293,4,84.53,2025-05-23,Vendedor_15,RS,Pelotas
3294,13294,4,250.72,2025-02-05,Vendedor_23,PE,Petrolina
3295,13295,5,139.0,2025-04-21,Vendedor_31,CE,Sobral
3296,13296,2,191.7,2025-06-25,Vendedor_35,RJ,Rio de Janeiro
3297,13297,2,271.39,2025-01-28,Vendedor_35,SP,Campinas
3298,13298,1,81.81,2025-04-06,Vendedor_8,CE,Fortaleza
3299,13299,4,168.55,2025-02-22,Vendedor_12,RJ,Rio de Janeiro
3300,13300,3,271.39,2025-01-23,Vendedor_30,MG,Uberlandia
3301,13301,5,248.4,2025-04-15,Vendedor_42,SP,Sao Paulo
3302,13302,5,194.08,2025-08-21,Vendedor_18,PR,Curitiba
3303,13303,5,104.17,2025-08-15,Vendedor_45,RS,Caxias do Sul
3304,13304,6,141.25,2025-04-01,Vendedor_31,GO,Aparecida de Goiania
3305,13305,1,178.56,2025-07-05,Vendedor_31,PR,Maringa
3306,13306,2,131.89,2025-07-11,Vendedor_46,PE,Petrolina
3307,13307,3,84.71,2025-03-16,Vendedor_47,CE,Fortaleza
3308,13308,1,297.95,2025-05-03,Vendedor_11,MG,Belo Horizonte
3309,13309,5,183.35,2025-03-19,Vendedor_25,RS,Caxias do Sul
3310,13310,1,163.95,2025-04-01,Vendedor_18,BA,Salvador
3311,13311,3,220.88,2025-05-28,Vendedor_16,RJ,Niteroi
3312,13312,4,216.05,2025-08-25,Vendedor_44,RS,Pelotas
3313,13313,6,93.22,2025-06-22,Vendedor_50,CE,Juazeiro do Norte
3314,13314,6,132.86,2025-02-17,Vendedor_7,SP,Santos
3315,13315,5,146.26,2025-03-02,Vendedor_15,DF,Brasilia
3316,13316,6,201.15,2025-01-13,Vendedor_17,DF,Brasilia
3317,13317,6,290.27,2025-08-28,Vendedor_12,GO,Aparecida de Goiania
3318,13318,6,223.46,2025-07-09,Vendedor_11,MG,Belo Horizonte
3319,13319,2,283.66,2025-03-22,Vendedor_10,GO,Goiania
3320,13320,4,295.95,2025-08-30,Vendedor_29,SP,Santos
3321,13321,2,94.91,2025-08-14,Vendedor_32,RS,Pelotas
3322,13322,6,195.49,2025-06-09,Vendedor_48,BA,Feira de Santana
3323,13323,2,153.63,2025-08-11,Vendedor_18,MG,Uberlandia
3324,13324,4,148.32,2025-07-03,Vendedor_21,PR,Curitiba
3325,13325,5,139.44,2025-04-26,Vendedor_42,DF,Brasilia
3326,13326,6,136.31,2025-04-21,Vendedor_28,PR,Maringa
3327,13327,3,194.96,2025-01-21,Vendedor_14,BA,Salvador
3328,13328,1,297.25,2025-06-19,Vendedor_28,RS,Caxias do Sul
3329,13329,2,186.99,2025-06-11,Vendedor_48,RJ,Rio de Janeiro
3330,13330,6,225.46,2025-01-15,Vendedor_47,SP,Santos
3331,13331,6,196.45,2025-01-28,Vendedor_16,SP,Santos
3332,13332,2,276.48,2025-03-26,Vendedor_13,GO,Aparecida de Goiania
3333,13333,3,127.32,2025-02-12,Vendedor_30,PE,Petrolina
3334,13334,6,102.52,2025-05-15,Vendedor_48,DF,Brasilia
3335,13335,3,176.93,2025-08-05,Vendedor_37,BA,Vitoria da Conquista
3336,13336,2,207.76,2025-04-19,Vendedor_19,BA,Feira de Santana
3337,13337,1,114.08,2025-08-02,Vendedor_18,RS,Porto Alegre
3338,13338,3,217.95,2025-02-23,Vendedor_6,GO,Goiania
3339,13339,5,136.36,2025-03-20,Vendedor_26,SP,Sao Paulo
3340,13340,5,99.82,2025-04-02,Vendedor_29,RJ,Niteroi
3341,13341,1,281.46,2025-08-04,Vendedor_20,RS,Caxias do Sul
3342,13342,6,89.27,2025-02-18,Vendedor_37,GO,Goiania
3343,13343,6,90.8,2025-04-30,Vendedor_12,PR,Curitiba
3344,13344,6,296.56,2025-05-17,Vendedor_50,MG,Uberlandia
3345,13345,1,156.94,2025-07-03,Vendedor_40,DF,Brasilia
3346,13346,2,204.85,2025-06-27,Vendedor_28,SP,Sao Paulo
3347,13347,2,121.9,2025-06-09,Vendedor_18,RJ,Rio de Janeiro
3348,13348,6,174.92,2025-03-20,Vendedor_6,RJ,Volta Redonda
3349,13349,3,96.21,2025-04-16,Vendedor_2,PR,Londrina
3350,13350,2,85.74,2025-07-22,Vendedor_9,BA,Salvador
3351,13351,2,299.8,2025-02-02,Vendedor_30,MG,Uberlandia
3352,13352,3,124.93,2025-05-20,Vendedor_12,PR,Curitiba
3353,13353,2,164.95,2025-07-17,Vendedor_5,GO,Goiania
3354,13354,5,210.37,2025-08-22,Vendedor_39,SP,Santos
3355,13355,1,193.8,2025-01-27,Vendedor_49,MG,Uberlandia
3356,13356,5,159.34,2025-03-25,Vendedor_2,SP,Santos
3357,13357,4,84.37,2025-01-02,Vendedor_38,MG,Juiz de Fora
3358,13358,6,190.48,2025-04-25,Vendedor_8,CE,Fortaleza
3359,13359,6,287.75,2025-05-21,Vendedor_49,PR,Londrina
3360,13360,5,242.65,2025-04-29,Vendedor_49,CE,Fortaleza
3361,13361,6,237.62,2025-01-09,Vendedor_6,PE,Olinda
3362,13362,4,288.13,2025-05-19,Vendedor_11,RJ,Volta Redonda
3363,13363,5,122.18,2025-03-04,Vendedor_31,PE,Petrolina
3364,13364,2,293.97,2025-03-12,Vendedor_10,CE,Juazeiro do Norte
3365,13365,4,296.07,2025-08-05,Vendedor_37,PR,Londrina
3366,13366,3,188.5,2025-03-12,Vendedor_48,DF,Brasilia
3367,13367,3,250.85,2025-05-30,Vendedor_22,SP,Sao Paulo
3368,13368,5,84.88,2025-06-04,Vendedor_33,RJ,Volta Redonda
3369,13369,5,293.23,2025-06-09,Vendedor_9,GO,Aparecida de Goiania
3370,13370,5,179.31,2025-08-27,Vendedor_36,DF,Brasilia
3371,13371,1,297.73,2025-06-25,Vendedor_23,DF,Brasilia
3372,13372,1,174.78,2025-01-12,Vendedor_47,PE,Olinda
3373,13373,2,224.76,2025-05-27,Vendedor_31,GO,Anapolis
3374,13374,5,105.84,2025-01-28,Vendedor_21,RS,Pelotas
3375,13375,1,113.94,2025-07-23,Vendedor_3,BA,Salvador
3376,13376,6,178.4,2025-05-27,Vendedor_11,CE,Fortaleza
3377,13377,2,163.77,2025-06-13,Vendedor_30,GO,Goiania
3378,13378,3,106.89,2025-03-19,Vendedor_25,SP,Campinas
3379,13379,4,88.31,2025-05-27,Vendedor_28,CE,Juazeiro do Norte
3380,13380,2,247.41,2025-07-01,Vendedor_45,GO,Aparecida de Goiania
3381,13381,4,118.53,2025-08-15,Vendedor_25,MG,Juiz de Fora
3382,13382,4,271.6,2025-06-06,Vendedor_17,GO,Anapolis
3383,13383,4,170.8,2025-02-06,Vendedor_23,PR,Curitiba
3384,13384,1,175.0,2025-05-13,Vendedor_36,PR,Maringa
3385,13385,2,145.71,2025-07-02,Vendedor_45,RS,Caxias do Sul
3386,13386,2,134.98,2025-07-28,Vendedor_49,PR,Curitiba
3387,13387,3,158.04,2025-05-02,Vendedor_39,MG,Uberlandia
3388,13388,2,257.81,2025-04-02,Vendedor_2,SP,Campinas
3389,13389,6,229.97,2025-08-29,Vendedor_11,PR,Curitiba
3390,13390,5,283.62,2025-04-26,Vendedor_12,PE,Petrolina
3391,13391,3,188.55,2025-06-12,Vendedor_4,MG,Belo Horizonte
3392,13392,3,257.28,2025-01-10,Vendedor_21,PR,Londrina
3393,13393,3,123.79,2025-01-03,Vendedor_38,CE,Fortaleza
3394,13394,3,94.34,2025-05-15,Vendedor_5,SP,Sao Paulo
3395,13395,3,136.44,2025-01-25,Vendedor_2,RJ,Niteroi
3396,13396,6,263.58,2025-05-25,Vendedor_35,BA,Vitoria da Conquista
3397,13397,6,292.69,2025-06-01,Vendedor_35,DF,Brasilia
3398,13398,2,235.5,2025-05-28,Vendedor_26,DF,Brasilia
3399,13399,2,170.4,2025-06-08,Vendedor_14,GO,Anapolis
3400,13400,1,259.72,2025-01-19,Vendedor_41,RJ,Niteroi
3401,13401,2,221.48,2025-06-07,Vendedor_23,SP,Sao Paulo
3402,13402,1,99.85,2025-03-02,Vendedor_33,SP,Campinas
3403,13403,1,285.34,2025-07-16,Vendedor_13,RJ,Rio de Janeiro
3404,13404,5,110.68,2025-07-21,Vendedor_25,GO,Goiania
3405,13405,3,180.3,2025-06-02,Vendedor_18,BA,Feira de Santana
3406,13406,5,297.09,2025-03-20,Vendedor_21,DF,Brasilia
3407,13407,3,147.46,2025-08-01,Vendedor_38,PR,Maringa
3408,13408,1,110.87,2025-08-24,Vendedor_50,MG,Juiz de Fora
3409,13409,1,233.47,2025-08-30,Vendedor_25,SP,Sao Paulo
3410,13410,2,157.16,2025-06-25,Vendedor_50,CE,Fortaleza
3411,13411,4,202.04,2025-01-16,Vendedor_12,GO,Goiania
3412,13412,3,273.45,2025-06-06,Vendedor_31,RS,Pelotas
3413,13413,4,116.3,2025-08-18,Vendedor_12,RJ,Niteroi
3414,13414,1,191.03,2025-04-17,Vendedor_31,CE,Juazeiro do Norte
3415,13415,3,105.94,2025-04-19,Vendedor_3,PR,Maringa
3416,13416,1,198.41,2025-08-08,Vendedor_34,SP,Santos
3417,13417,2,266.76,2025-06-14,Vendedor_27,PR,Londrina
3418,13418,1,230.96,2025-05-16,Vendedor_47,MG,Belo Horizonte
3419,13419,4,121.86,2025-01-15,Vendedor_21,DF,Brasilia
3420,13420,4,226.58,2025-04-06,Vendedor_21,GO,Aparecida de Goiania
3421,13421,2,181.6,2025-02-19,Vendedor_1,GO,Anapolis
3422,13422,2,160.38,2025-03-04,Vendedor_29,PR,Maringa
3423,13423,1,121.82,2025-05-24,Vendedor_15,RJ,Niteroi
3424,13424,1,144.34,2025-08-04,Vendedor_30,RJ,Rio de Janeiro
3425,13425,4,88.07,2025-05-24,Vendedor_5,CE,Fortaleza
3426,13426,2,276.58,2025-02-26,Vendedor_23,DF,Brasilia
3427,13427,4,148.61,2025-05-16,Vendedor_46,MG,Juiz de Fora
3428,13428,6,277.76,2025-07-26,Vendedor_38,RJ,Volta Redonda
3429,13429,2,287.43,2025-04-26,Vendedor_2,MG,Juiz de Fora
3430,13430,5,234.1,2025-01-15,Vendedor_4,CE,Fortaleza
3431,13431,5,209.86,2025-01-06,Vendedor_2,BA,Vitoria da Conquista
3432,13432,5,270.69,2025-01-16,Vendedor_26,RJ,Volta Redonda
3433,13433,6,97.04,2025-08-29,Vendedor_33,PE,Olinda
3434,13434,2,215.57,2025-03-16,Vendedor_47,PR,Londrina
3435,13435,3,283.25,2025-01-01,Vendedor_28,PE,Recife
3436,13436,5,277.0,2025-01-19,Vendedor_3,PE,Recife
3437,13437,6,249.37,2025-06-26,Vendedor_30,CE,Juazeiro do Norte
3438,13438,4,133.43,2025-07-25,Vendedor_39,DF,Brasilia
3439,13439,5,227.3,2025-08-20,Vendedor_9,SP,Sao Paulo
3440,13440,4,276.99,2025-03-15,Vendedor_20,RJ,Volta Redonda
3441,13441,1,158.64,2025-07-18,Vendedor_40,PR,Maringa
3442,13442,6,221.33,2025-07-29,Vendedor_17,PR,Curitiba
3443,13443,2,170.78,2025-03-07,Vendedor_41,PE,Petrolina
3444,13444,1,278.62,2025-03-16,Vendedor_20,PE,Olinda
3445,13445,1,131.99,2025-08-17,Vendedor_14,CE,Sobral
3446,13446,5,141.75,2025-03-13,Vendedor_14,PR,Londrina
3447,13447,4,229.71,2025-03-11,Vendedor_43,BA,Feira de Santana
3448,13448,6,83.52,2025-02-09,Vendedor_3,BA,Salvador
3449,13449,6,141.42,2025-06-20,Vendedor_10,SP,Campinas
3450,13450,5,143.37,2025-03-31,Vendedor_3,GO,Aparecida de Goiania
3451,13451,6,233.96,2025-04-12,Vendedor_14,SP,Campinas
3452,13452,2,191.48,2025-01-14,Vendedor_9,RS,Caxias do Sul
3453,13453,4,93.33,2025-04-02,Vendedor_33,PE,Petrolina
3454,13454,6,174.26,2025-02-03,Vendedor_33,PE,Olinda
3455,13455,3,297.99,2025-08-29,Vendedor_16,SP,Campinas
3456,13456,4,276.52,2025-03-22,Vendedor_7,RJ,Volta Redonda
3457,13457,5,259.41,2025-07-04,Vendedor_20,MG,Belo Horizonte
3458,13458,1,216.21,2025-02-27,Vendedor_28,PE,Recife
3459,13459,6,107.8,2025-07-24,Vendedor_44,RJ,Volta Redonda
3460,13460,1,277.71,2025-08-10,Vendedor_30,RS,Pelotas
3461,13461,6,159.06,2025-01-01,Vendedor_26,CE,Fortaleza
3462,13462,3,117.36,2025-04-12,Vendedor_48,GO,Aparecida de Goiania
3463,13463,3,110.21,2025-05-15,Vendedor_39,PR,Londrina
3464,13464,6,266.3,2025-04-26,Vendedor_26,SP,Campinas
3465,13465,2,219.54,2025-07-11,Vendedor_39,PR,Londrina
3466,13466,3,103.56,2025-03-12,Vendedor_10,MG,Juiz de Fora
3467,13467,2,266.55,2025-08-18,Vendedor_38,PR,Curitiba
3468,13468,6,136.09,2025-02-15,Vendedor_18,CE,Fortaleza
3469,13469,2,211.52,2025-07-21,Vendedor_28,MG,Belo Horizonte
3470,13470,2,291.2,2025-02-07,Vendedor_41,RJ,Niteroi
3471,13471,6,253.75,2025-06-04,Vendedor_8,PE,Recife
3472,13472,4,227.92,2025-04-09,Vendedor_40,SP,Sao Paulo
3473,13473,4,249.25,2025-05-03,Vendedor_4,MG,Juiz de Fora
3474,13474,1,198.41,2025-07-10,Vendedor_15,BA,Vitoria da Conquista
3475,13475,5,169.51,2025-03-08,Vendedor_21,CE,Juazeiro do Norte
3476,13476,4,83.74,2025-01-18,Vendedor_15,PR,Maringa
3477,13477,4,79.93,2025-02-26,Vendedor_46,GO,Aparecida de Goiania
3478,13478,5,283.72,2025-05-10,Vendedor_12,PR,Londrina
3479,13479,1,102.35,2025-01-20,Vendedor_5,CE,Sobral
3480,13480,2,211.41,2025-01-24,Vendedor_3,BA,Feira de Santana
3481,13481,5,204.69,2025-06-29,Vendedor_7,PR,Maringa
3482,13482,6,212.04,2025-08-07,Vendedor_10,GO,Anapolis
3483,13483,6,191.06,2025-05-18,Vendedor_2,SP,Sao Paulo
3484,13484,1,288.11,2025-07-17,Vendedor_11,BA,Salvador
3485,13485,4,156.86,2025-07-18,Vendedor_34,RJ,Rio de Janeiro
3486,13486,2,147.55,2025-05-08,Vendedor_45,GO,Goiania
3487,13487,2,159.93,2025-05-08,Vendedor_21,DF,Brasilia
3488,13488,1,125.26,2025-01-11,Vendedor_3,PE,Recife
3489,13489,4,238.91,2025-03-25,Vendedor_42,CE,Sobral
3490,13490,5,156.1,2025-03-30,Vendedor_23,GO,Aparecida de Goiania
3491,13491,2,93.55,2025-05-10,Vendedor_50,MG,Uberlandia
3492,13492,3,105.6,2025-04-29,Vendedor_12,PR,Maringa
3493,13493,2,249.19,2025-07-17,Vendedor_33,BA,Salvador
3494,13494,3,101.12,2025-02-23,Vendedor_4,PR,Curitiba
3495,13495,2,126.64,2025-05-03,Vendedor_6,BA,Vitoria da Conquista
3496,13496,6,162.49,2025-03-08,Vendedor_49,MG,Juiz de Fora
3497,13497,1,254.51,2025-08-26,Vendedor_22,MG,Belo Horizonte
3498,13498,6,96.57,2025-08-21,Vendedor_9,MG,Juiz de Fora
3499,13499,4,122.76,2025-04-20,Vendedor_32,MG,Belo Horizonte
3500,13500,5,123.67,2025-03-07,Vendedor_1,PE,Recife
3501,13501,5,182.25,2025-08-04,Vendedor_38,PR,Londrina
3502,13502,6,168.52,2025-07-24,Vendedor_43,BA,Salvador
3503,13503,1,257.12,2025-01-05,Vendedor_36,DF,Brasilia
3504,13504,4,140.75,2025-05-13,Vendedor_5,CE,Juazeiro do Norte
3505,13505,5,107.62,2025-01-03,Vendedor_35,BA,Vitoria da Conquista
3506,13506,1,132.32,2025-07-10,Vendedor_46,BA,Feira de Santana
3507,13507,2,149.15,2025-06-12,Vendedor_20,GO,Aparecida de Goiania
3508,13508,6,209.21,2025-06-11,Vendedor_30,BA,Vitoria da Conquista
3509,13509,1,164.94,2025-05-10,Vendedor_1,BA,Feira de Santana
3510,13510,3,128.59,2025-07-11,Vendedor_47,RJ,Volta Redonda
3511,13511,2,103.84,2025-02-19,Vendedor_48,CE,Sobral
3512,13512,6,209.16,2025-06-22,Vendedor_36,SP,Sao Paulo
3513,13513,4,286.17,2025-08-24,Vendedor_50,GO,Goiania
3514,13514,4,125.66,2025-02-10,Vendedor_27,MG,Belo Horizonte
3515,13515,2,107.58,2025-05-31,Vendedor_15,PE,Petrolina
3516,13516,1,279.58,2025-05-22,Vendedor_2,CE,Juazeiro do Norte
3517,13517,3,210.91,2025-07-28,Vendedor_9,PR,Londrina
3518,13518,4,159.3,2025-05-31,Vendedor_40,BA,Vitoria da Conquista
3519,13519,5,93.03,2025-03-13,Vendedor_32,BA,Feira de Santana
3520,13520,1,246.58,2025-04-27,Vendedor_5,SP,Santos
3521,13521,5,237.87,2025-08-19,Vendedor_35,GO,Goiania
3522,13522,4,277.34,2025-08-24,Vendedor_9,PR,Maringa
3523,13523,4,204.9,2025-08-23,Vendedor_47,RJ,Niteroi
3524,13524,4,149.88,2025-01-13,Vendedor_8,CE,Juazeiro do Norte
3525,13525,1,116.86,2025-03-20,Vendedor_3,DF,Brasilia
3526,13526,3,128.51,2025-03-12,Vendedor_3,CE,Fortaleza
3527,13527,2,192.69,2025-08-26,Vendedor_3,SP,Campinas
3528,13528,1,266.35,2025-08-05,Vendedor_33,PE,Petrolina
3529,13529,3,278.26,2025-06-13,Vendedor_19,PR,Londrina
3530,13530,5,186.62,2025-07-14,Vendedor_48,SP,Sao Paulo
3531,13531,6,88.51,2025-07-21,Vendedor_32,SP,Santos
3532,13532,1,105.9,2025-08-28,Vendedor_30,GO,Aparecida de Goiania
3533,13533,3,288.96,2025-06-10,Vendedor_43,RJ,Volta Redonda
3534,13534,4,130.32,2025-03-05,Vendedor_15,DF,Brasilia
3535,13535,3,260.08,2025-01-24,Vendedor_30,PE,Recife
3536,13536,6,284.27,2025-08-16,Vendedor_8,BA,Feira de Santana
3537,13537,3,286.26,2025-01-14,Vendedor_4,BA,Feira de Santana
3538,13538,4,101.96,2025-03-14,Vendedor_3,PE,Recife
3539,13539,6,116.94,2025-05-05,Vendedor_29,SP,Santos
3540,13540,2,181.25,2025-01-13,Vendedor_22,BA,Salvador
3541,13541,2,150.13,2025-01-08,Vendedor_43,MG,Uberlandia
3542,13542,3,160.28,2025-08-15,Vendedor_24,CE,Fortaleza
3543,13543,5,195.07,2025-01-29,Vendedor_7,GO,Goiania
3544,13544,6,285.66,2025-02-23,Vendedor_42,RS,Caxias do Sul
3545,13545,3,187.36,2025-07-10,Vendedor_50,SP,Campinas
3546,13546,5,175.78,2025-02-03,Vendedor_50,SP,Santos
3547,13547,4,224.39,2025-01-24,Vendedor_12,RJ,Rio de Janeiro
3548,13548,2,110.73,2025-06-29,Vendedor_36,GO,Aparecida de Goiania
3549,13549,4,185.71,2025-04-11,Vendedor_3,PE,Petrolina
3550,13550,2,239.01,2025-04-15,Vendedor_13,DF,Brasilia
3551,13551,6,210.33,2025-05-19,Vendedor_32,BA,Feira de Santana
3552,13552,2,245.31,2025-06-13,Vendedor_9,BA,Feira de Santana
3553,13553,1,274.78,2025-04-30,Vendedor_30,DF,Brasilia
3554,13554,1,176.6,2025-07-17,Vendedor_31,GO,Goiania
3555,13555,1,238.71,2025-08-07,Vendedor_43,SP,Santos
3556,13556,4,169.3,2025-07-16,Vendedor_6,MG,Belo Horizonte
3557,13557,3,271.09,2025-02-24,Vendedor_12,GO,Anapolis
3558,13558,1,175.67,2025-08-14,Vendedor_23,RS,Porto Alegre
3559,13559,5,229.07,2025-08-13,Vendedor_47,CE,Sobral
3560,13560,4,81.52,2025-03-31,Vendedor_16,PE,Olinda
3561,13561,6,167.53,2025-06-14,Vendedor_16,RS,Porto Alegre
3562,13562,4,201.04,2025-02-22,Vendedor_21,RJ,Rio de Janeiro
3563,13563,1,220.95,2025-04-26,Vendedor_36,RJ,Niteroi
3564,13564,2,118.83,2025-07-04,Vendedor_14,RS,Pelotas
3565,13565,1,219.67,2025-07-08,Vendedor_6,PR,Londrina
3566,13566,6,244.45,2025-06-30,Vendedor_8,RJ,Niteroi
3567,13567,1,141.52,2025-04-24,Vendedor_1,SP,Campinas
3568,13568,3,157.63,2025-05-07,Vendedor_20,PE,Petrolina
3569,13569,3,280.13,2025-04-24,Vendedor_26,SP,Campinas
3570,13570,2,128.83,2025-03-19,Vendedor_8,GO,Aparecida de Goiania
3571,13571,3,160.71,2025-04-08,Vendedor_6,GO,Anapolis
3572,13572,3,238.59,2025-01-30,Vendedor_6,DF,Brasilia
3573,13573,4,122.76,2025-07-20,Vendedor_41,PE,Recife
3574,13574,6,191.1,2025-04-29,Vendedor_27,PR,Maringa
3575,13575,3,244.02,2025-08-21,Vendedor_17,BA,Feira de Santana
3576,13576,1,94.15,2025-05-02,Vendedor_29,SP,Santos
3577,13577,5,133.3,2025-06-12,Vendedor_49,DF,Brasilia
3578,13578,1,205.68,2025-08-11,Vendedor_21,BA,Vitoria da Conquista
3579,13579,3,136.66,2025-03-19,Vendedor_4,MG,Belo Horizonte
3580,13580,1,259.33,2025-07-26,Vendedor_2,RJ,Rio de Janeiro
3581,13581,1,227.56,2025-04-08,Vendedor_37,SP,Santos
3582,13582,1,195.49,2025-07-04,Vendedor_20,DF,Brasilia
3583,13583,3,111.85,2025-03-06,Vendedor_1,SP,Sao Paulo
3584,13584,4,228.62,2025-02-20,Vendedor_9,BA,Salvador
3585,13585,4,116.56,2025-01-08,Vendedor_31,RJ,Volta Redonda
3586,13586,5,286.22,2025-02-07,Vendedor_4,PR,Curitiba
3587,13587,5,96.2,2025-02-02,Vendedor_4,PE,Petrolina
3588,13588,3,168.63,2025-04-01,Vendedor_45,MG,Uberlandia
3589,13589,4,142.32,2025-07-06,Vendedor_7,BA,Vitoria da Conquista
3590,13590,6,226.95,2025-07-13,Vendedor_39,MG,Uberlandia
3591,13591,2,227.38,2025-07-04,Vendedor_24,GO,Anapolis
3592,13592,5,245.44,2025-04-02,Vendedor_15,RJ,Niteroi
3593,13593,4,251.51,2025-06-22,Vendedor_17,CE,Fortaleza
3594,13594,4,130.05,2025-04-29,Vendedor_34,CE,Sobral
3595,13595,4,220.72,2025-01-02,Vendedor_31,MG,Juiz de Fora
3596,13596,1,129.21,2025-04-10,Vendedor_9,PE,Recife
3597,13597,5,205.23,2025-08-18,Vendedor_28,DF,Brasilia
3598,13598,3,184.93,2025-02-22,Vendedor_50,GO,Aparecida de Goiania
3599,13599,3,253.67,2025-04-23,Vendedor_5,SP,Santos
3600,13600,3,150.78,2025-04-19,Vendedor_39,RS,Pelotas
3601,13601,1,87.94,2025-01-07,Vendedor_33,SP,Sao Paulo
3602,13602,4,161.17,2025-02-18,Vendedor_31,CE,Sobral
3603,13603,4,265.29,2025-06-16,Vendedor_3,PE,Recife
3604,13604,2,178.47,2025-05-11,Vendedor_3,BA,Feira de Santana
3605,13605,1,259.91,2025-06-29,Vendedor_38,MG,Belo Horizonte
3606,13606,5,135.26,2025-02-23,Vendedor_1,GO,Aparecida de Goiania
3607,13607,5,133.85,2025-05-20,Vendedor_13,BA,Salvador
3608,13608,5,138.25,2025-01-08,Vendedor_9,SP,Campinas
3609,13609,6,242.46,2025-07-23,Vendedor_5,PE,Petrolina
3610,13610,4,199.9,2025-03-13,Vendedor_7,DF,Brasilia
3611,13611,6,236.01,2025-02-19,Vendedor_49,CE,Sobral
3612,13612,1,162.98,2025-01-11,Vendedor_47,GO,Anapolis
3613,13613,5,178.39,2025-06-23,Vendedor_7,GO,Goiania
3614,13614,6,184.31,2025-04-03,Vendedor_2,BA,Feira de Santana
3615,13615,4,189.01,2025-07-13,Vendedor_50,PE,Petrolina
3616,13616,3,143.84,2025-06-11,Vendedor_1,SP,Campinas
3617,13617,4,229.86,2025-04-02,Vendedor_2,BA,Vitoria da Conquista
3618,13618,3,198.62,2025-07-05,Vendedor_39,BA,Vitoria da Conquista
3619,13619,1,218.52,2025-08-03,Vendedor_30,DF,Brasilia
3620,13620,2,102.17,2025-08-14,Vendedor_40,PE,Olinda
3621,13621,2,107.16,2025-07-23,Vendedor_25,MG,Uberlandia
3622,13622,5,167.56,2025-08-10,Vendedor_17,GO,Anapolis
3623,13623,6,215.51,2025-08-29,Vendedor_37,PR,Curitiba
3624,13624,6,143.23,2025-05-29,Vendedor_5,GO,Aparecida de Goiania
3625,13625,3,105.89,2025-01-10,Vendedor_5,GO,Aparecida de Goiania
3626,13626,3,239.88,2025-01-10,Vendedor_39,RS,Pelotas
3627,13627,5,253.84,2025-04-04,Vendedor_23,PR,Londrina
3628,13628,1,221.86,2025-05-13,Vendedor_40,BA,Vitoria da Conquista
3629,13629,2,153.32,2025-01-25,Vendedor_17,RS,Caxias do Sul
3630,13630,6,209.12,2025-06-20,Vendedor_17,BA,Feira de Santana
3631,13631,2,148.26,2025-06-18,Vendedor_45,DF,Brasilia
3632,13632,5,258.47,2025-01-25,Vendedor_5,PE,Recife
3633,13633,1,293.02,2025-04-25,Vendedor_48,PE,Petrolina
3634,13634,2,109.98,2025-01-04,Vendedor_27,BA,Salvador
3635,13635,6,246.9,2025-03-29,Vendedor_39,PE,Olinda
3636,13636,6,80.44,2025-01-13,Vendedor_16,SP,Santos
3637,13637,3,175.89,2025-08-03,Vendedor_46,SP,Santos
3638,13638,2,244.48,2025-07-28,Vendedor_2,DF,Brasilia
3639,13639,5,238.31,2025-06-23,Vendedor_42,RJ,Volta Redonda
3640,13640,2,285.5,2025-03-04,Vendedor_43,PR,Maringa
3641,13641,5,278.93,2025-08-10,Vendedor_39,RJ,Niteroi
3642,13642,4,188.5,2025-07-15,Vendedor_5,DF,Brasilia
3643,13643,6,261.88,2025-06-12,Vendedor_11,RJ,Volta Redonda
3644,13644,6,298.83,2025-03-26,Vendedor_2,SP,Santos
3645,13645,1,207.89,2025-07-14,Vendedor_49,PR,Maringa
3646,13646,2,224.29,2025-01-20,Vendedor_31,MG,Belo Horizonte
3647,13647,4,97.65,2025-04-28,Vendedor_1,RS,Pelotas
3648,13648,5,296.44,2025-06-23,Vendedor_16,PE,Recife
3649,13649,6,281.31,2025-07-25,Vendedor_33,RS,Porto Alegre
3650,13650,2,183.31,2025-02-24,Vendedor_18,PR,Maringa
3651,13651,2,183.77,2025-03-04,Vendedor_28,MG,Uberlandia
3652,13652,4,207.63,2025-05-06,Vendedor_34,PE,Olinda
3653,13653,2,240.05,2025-05-26,Vendedor_48,PE,Petrolina
3654,13654,4,239.06,2025-02-02,Vendedor_23,RS,Caxias do Sul
3655,13655,4,221.99,2025-03-03,Vendedor_33,RJ,Volta Redonda
3656,13656,1,143.17,2025-01-18,Vendedor_11,PR,Maringa
3657,13657,1,199.49,2025-06-08,Vendedor_41,RS,Pelotas
3658,13658,5,201.72,2025-01-28,Vendedor_50,GO,Anapolis
3659,13659,3,186.73,2025-05-15,Vendedor_34,RS,Caxias do Sul
3660,13660,1,95.0,2025-04-10,Vendedor_4,PE,Petrolina
3661,13661,6,274.62,2025-06-20,Vendedor_15,PR,Maringa
3662,13662,1,150.91,2025-06-13,Vendedor_19,SP,Campinas
3663,13663,4,218.58,2025-02-21,Vendedor_28,RS,Pelotas
3664,13664,4,218.33,2025-06-13,Vendedor_28,DF,Brasilia
3665,13665,4,107.4,2025-06-18,Vendedor_11,PR,Curitiba
3666,13666,3,277.08,2025-04-16,Vendedor_7,BA,Salvador
3667,13667,1,159.5,2025-05-29,Vendedor_37,PR,Londrina
3668,13668,2,94.98,2025-06-15,Vendedor_18,PR,Curitiba
3669,13669,1,280.19,2025-03-07,Vendedor_15,SP,Campinas
3670,13670,5,127.45,2025-02-10,Vendedor_18,SP,Sao Paulo
3671,13671,6,241.74,2025-02-22,Vendedor_10,DF,Brasilia
3672,13672,3,290.28,2025-02-03,Vendedor_28,SP,Campinas
3673,13673,5,130.16,2025-03-09,Vendedor_12,GO,Goiania
3674,13674,4,234.72,2025-01-08,Vendedor_40,MG,Uberlandia
3675,13675,6,141.7,2025-08-20,Vendedor_45,MG,Belo Horizonte
3676,13676,2,260.03,2025-06-08,Vendedor_16,BA,Vitoria da Conquista
3677,13677,3,266.99,2025-03-23,Vendedor_30,MG,Uberlandia
3678,13678,6,195.04,2025-07-06,Vendedor_35,MG,Juiz de Fora
3679,13679,3,197.61,2025-03-24,Vendedor_3,PE,Olinda
3680,13680,6,201.02,2025-08-07,Vendedor_18,PE,Olinda
3681,13681,6,261.8,2025-04-23,Vendedor_11,PR,Londrina
3682,13682,2,106.74,2025-03-26,Vendedor_36,RS,Pelotas
3683,13683,6,165.35,2025-03-31,Vendedor_42,DF,Brasilia
3684,13684,5,130.64,2025-05-29,Vendedor_3,PE,Olinda
3685,13685,1,250.89,2025-04-22,Vendedor_8,BA,Feira de Santana
3686,13686,5,213.49,2025-01-04,Vendedor_2,BA,Feira de Santana
3687,13687,2,187.02,2025-01-09,Vendedor_17,RJ,Rio de Janeiro
3688,13688,1,178.09,2025-06-28,Vendedor_1,DF,Brasilia
3689,13689,3,263.89,2025-07-03,Vendedor_15,RS,Pelotas
3690,13690,6,121.89,2025-07-05,Vendedor_10,RJ,Niteroi
3691,13691,2,168.71,2025-03-09,Vendedor_17,GO,Aparecida de Goiania
3692,13692,5,209.96,2025-07-10,Vendedor_3,PR,Maringa
3693,13693,2,119.26,2025-02-11,Vendedor_44,RJ,Rio de Janeiro
3694,13694,3,175.68,2025-04-13,Vendedor_28,RJ,Volta Redonda
3695,13695,6,228.54,2025-02-04,Vendedor_17,BA,Salvador
3696,13696,4,176.72,2025-02-23,Vendedor_34,RS,Pelotas
3697,13697,6,102.9,2025-01-16,Vendedor_40,GO,Goiania
3698,13698,3,210.97,2025-03-22,Vendedor_4,DF,Brasilia
3699,13699,3,114.72,2025-07-18,Vendedor_19,PE,Recife
3700,13700,4,148.02,2025-03-08,Vendedor_15,MG,Juiz de Fora
3701,13701,2,91.84,2025-02-05,Vendedor_25,CE,Sobral
3702,13702,4,189.66,2025-02-05,Vendedor_44,DF,Brasilia
3703,13703,3,173.61,2025-02-23,Vendedor_16,RJ,Niteroi
3704,13704,6,249.38,2025-07-04,Vendedor_30,RS,Porto Alegre
3705,13705,6,257.23,2025-08-28,Vendedor_35,GO,Aparecida de Goiania
3706,13706,1,275.4,2025-02-06,Vendedor_47,GO,Anapolis
3707,13707,1,108.24,2025-02-26,Vendedor_23,BA,Vitoria da Conquista
3708,13708,5,144.82,2025-03-20,Vendedor_14,CE,Fortaleza
3709,13709,5,218.75,2025-02-17,Vendedor_50,BA,Feira de Santana
3710,13710,3,287.92,2025-02-07,Vendedor_13,RJ,Volta Redonda
3711,13711,6,183.36,2025-03-22,Vendedor_29,PE,Olinda
3712,13712,2,191.02,2025-07-01,Vendedor_24,MG,Juiz de Fora
3713,13713,4,170.63,2025-01-07,Vendedor_43,GO,Aparecida de Goiania
3714,13714,2,144.47,2025-01-04,Vendedor_25,MG,Belo Horizonte
3715,13715,2,141.09,2025-04-20,Vendedor_18,GO,Anapolis
3716,13716,4,145.53,2025-05-03,Vendedor_50,MG,Juiz de Fora
3717,13717,1,168.06,2025-01-10,Vendedor_4,RJ,Volta Redonda
3718,13718,1,183.24,2025-07-28,Vendedor_30,BA,Feira de Santana
3719,13719,6,94.16,2025-03-20,Vendedor_12,RS,Caxias do Sul
3720,13720,4,245.73,2025-01-18,Vendedor_28,RJ,Niteroi
3721,13721,4,102.09,2025-07-09,Vendedor_21,BA,Feira de Santana
3722,13722,6,211.93,2025-05-31,Vendedor_26,PE,Recife
3723,13723,1,219.94,2025-07-09,Vendedor_22,GO,Goiania
3724,13724,6,89.67,2025-05-23,Vendedor_41,MG,Belo Horizonte
3725,13725,2,156.96,2025-07-02,Vendedor_50,PE,Olinda
3726,13726,4,244.63,2025-04-29,Vendedor_18,PE,Recife
3727,13727,1,147.03,2025-06-05,Vendedor_49,RJ,Volta Redonda
3728,13728,4,276.49,2025-07-29,Vendedor_30,SP,Sao Paulo
3729,13729,2,289.3,2025-03-18,Vendedor_9,RJ,Volta Redonda
3730,13730,1,279.34,2025-05-02,Vendedor_47,PE,Petrolina
3731,13731,4,211.95,2025-06-13,Vendedor_21,PR,Curitiba
3732,13732,4,114.15,2025-01-26,Vendedor_29,SP,Santos
3733,13733,3,188.32,2025-01-13,Vendedor_37,CE,Sobral
3734,13734,3,298.0,2025-05-14,Vendedor_34,MG,Belo Horizonte
3735,13735,2,95.13,2025-02-22,Vendedor_41,PE,Petrolina
3736,13736,6,161.16,2025-03-30,Vendedor_35,GO,Goiania
3737,13737,2,136.07,2025-01-29,Vendedor_20,SP,Campinas
3738,13738,4,285.36,2025-08-16,Vendedor_1,PE,Olinda
3739,13739,1,178.77,2025-02-09,Vendedor_32,GO,Aparecida de Goiania
3740,13740,2,81.56,2025-04-19,Vendedor_17,RJ,Volta Redonda
3741,13741,4,202.69,2025-08-10,Vendedor_21,DF,Brasilia
3742,13742,4,154.62,2025-05-28,Vendedor_26,MG,Juiz de Fora
3743,13743,6,240.05,2025-03-01,Vendedor_33,GO,Goiania
3744,13744,2,110.59,2025-04-11,Vendedor_37,GO,Anapolis
3745,13745,1,242.74,2025-05-24,Vendedor_28,PE,Olinda
3746,13746,2,162.37,2025-06-03,Vendedor_28,PE,Olinda
3747,13747,2,298.37,2025-07-02,Vendedor_14,MG,Uberlandia
3748,13748,6,185.65,2025-08-02,Vendedor_33,GO,Aparecida de Goiania
3749,13749,4,155.62,2025-07-31,Vendedor_27,PE,Olinda
3750,13750,2,154.42,2025-08-03,Vendedor_32,PE,Olinda
3751,13751,5,91.86,2025-05-15,Vendedor_20,PR,Maringa
3752,13752,2,298.51,2025-03-05,Vendedor_12,PR,Maringa
3753,13753,6,236.48,2025-05-06,Vendedor_40,CE,Fortaleza
3754,13754,4,262.95,2025-01-19,Vendedor_5,RJ,Volta Redonda
3755,13755,2,198.99,2025-08-06,Vendedor_30,DF,Brasilia
3756,13756,3,286.04,2025-04-20,Vendedor_39,CE,Juazeiro do Norte
3757,13757,4,186.16,2025-02-03,Vendedor_27,RS,Caxias do Sul
3758,13758,3,142.76,2025-07-08,Vendedor_22,RS,Caxias do Sul
3759,13759,3,247.23,2025-06-03,Vendedor_9,PE,Recife
3760,13760,1,236.59,2025-06-01,Vendedor_30,GO,Goiania
3761,13761,2,259.2,2025-04-06,Vendedor_30,BA,Salvador
3762,13762,2,280.2,2025-02-09,Vendedor_31,RS,Pelotas
3763,13763,2,122.8,2025-06-20,Vendedor_6,CE,Juazeiro do Norte
3764,13764,3,152.65,2025-01-13,Vendedor_36,RS,Porto Alegre
3765,13765,5,163.64,2025-03-08,Vendedor_3,BA,Feira de Santana
3766,13766,6,134.39,2025-01-14,Vendedor_13,RJ,Rio de Janeiro
3767,13767,6,278.78,2025-01-07,Vendedor_9,GO,Aparecida de Goiania
3768,13768,5,185.31,2025-02-26,Vendedor_6,DF,Brasilia
3769,13769,6,275.67,2025-03-05,Vendedor_32,RS,Pelotas
3770,13770,5,190.56,2025-02-21,Vendedor_31,BA,Feira de Santana
3771,13771,1,184.27,2025-02-23,Vendedor_22,RJ,Niteroi
3772,13772,1,153.67,2025-05-02,Vendedor_31,PR,Curitiba
3773,13773,3,186.86,2025-01-11,Vendedor_25,PR,Londrina
3774,13774,4,141.49,2025-04-11,Vendedor_31,GO,Anapolis
3775,13775,6,204.99,2025-08-21,Vendedor_18,PR,Londrina
3776,13776,3,114.72,2025-04-11,Vendedor_35,MG,Uberlandia
3777,13777,4,258.94,2025-07-10,Vendedor_21,GO,Anapolis
3778,13778,5,119.09,2025-05-02,Vendedor_49,BA,Feira de Santana
3779,13779,4,188.77,2025-06-02,Vendedor_32,RJ,Volta Redonda
3780,13780,4,133.08,2025-02-13,Vendedor_45,RS,Porto Alegre
3781,13781,6,272.78,2025-05-15,Vendedor_2,RS,Pelotas
3782,13782,4,135.48,2025-06-14,Vendedor_22,SP,Campinas
3783,13783,6,270.67,2025-08-30,Vendedor_30,DF,Brasilia
3784,13784,2,92.49,2025-02-10,Vendedor_49,DF,Brasilia
3785,13785,3,104.79,2025-08-19,Vendedor_42,PE,Olinda
3786,13786,6,88.89,2025-04-09,Vendedor_17,RS,Caxias do Sul
3787,13787,1,114.57,2025-06-17,Vendedor_16,GO,Anapolis
3788,13788,2,197.19,2025-05-17,Vendedor_31,PR,Curitiba
3789,13789,5,209.83,2025-02-20,Vendedor_37,MG,Belo Horizonte
3790,13790,2,106.72,2025-03-14,Vendedor_43,RS,Caxias do Sul
3791,13791,3,120.69,2025-03-06,Vendedor_43,PE,Recife
3792,13792,1,215.14,2025-08-06,Vendedor_10,BA,Vitoria da Conquista
3793,13793,6,121.99,2025-03-05,Vendedor_19,GO,Goiania
3794,13794,6,246.96,2025-04-19,Vendedor_3,RJ,Niteroi
3795,13795,6,281.58,2025-08-22,Vendedor_12,RS,Caxias do Sul
3796,13796,4,196.65,2025-08-23,Vendedor_46,RS,Caxias do Sul
3797,13797,6,266.77,2025-08-08,Vendedor_34,GO,Aparecida de Goiania
3798,13798,5,98.43,2025-08-17,Vendedor_19,GO,Anapolis
3799,13799,5,279.13,2025-03-29,Vendedor_27,PR,Londrina
3800,13800,6,93.5,2025-07-02,Vendedor_23,BA,Vitoria da Conquista
3801,13801,4,82.44,2025-08-28,Vendedor_2,GO,Aparecida de Goiania
3802,13802,1,278.85,2025-06-13,Vendedor_32,RJ,Volta Redonda
3803,13803,1,117.0,2025-03-06,Vendedor_1,MG,Juiz de Fora
3804,13804,3,256.13,2025-07-28,Vendedor_48,SP,Sao Paulo
3805,13805,6,182.11,2025-08-24,Vendedor_35,CE,Fortaleza
3806,13806,5,164.86,2025-08-19,Vendedor_29,PR,Curitiba
3807,13807,3,291.77,2025-03-17,Vendedor_5,GO,Aparecida de Goiania
3808,13808,4,244.18,2025-02-07,Vendedor_7,PR,Maringa
3809,13809,6,257.62,2025-08-17,Vendedor_20,BA,Vitoria da Conquista
3810,13810,5,140.78,2025-08-19,Vendedor_40,BA,Feira de Santana
3811,13811,4,96.18,2025-08-09,Vendedor_1,GO,Anapolis
3812,13812,4,144.95,2025-05-22,Vendedor_2,SP,Campinas
3813,13813,6,270.76,2025-04-12,Vendedor_50,CE,Fortaleza
3814,13814,2,262.1,2025-04-09,Vendedor_7,BA,Feira de Santana
3815,13815,5,260.66,2025-05-19,Vendedor_17,DF,Brasilia
3816,13816,1,184.28,2025-07-29,Vendedor_32,RJ,Volta Redonda
3817,13817,2,141.5,2025-05-18,Vendedor_12,PR,Curitiba
3818,13818,2,113.23,2025-07-11,Vendedor_42,RS,Pelotas
3819,13819,2,102.96,2025-04-23,Vendedor_40,PR,Curitiba
3820,13820,6,169.42,2025-03-14,Vendedor_41,RJ,Niteroi
3821,13821,3,230.5,2025-05-17,Vendedor_19,GO,Aparecida de Goiania
3822,13822,5,282.0,2025-06-27,Vendedor_45,DF,Brasilia
3823,13823,3,160.98,2025-04-03,Vendedor_37,BA,Vitoria da Conquista
3824,13824,1,270.84,2025-05-20,Vendedor_10,SP,Sao Paulo
3825,13825,1,265.73,2025-06-16,Vendedor_31,CE,Fortaleza
3826,13826,5,240.36,2025-07-27,Vendedor_7,BA,Feira de Santana
3827,13827,5,213.13,2025-02-25,Vendedor_50,RJ,Volta Redonda
3828,13828,2,91.23,2025-05-19,Vendedor_6,SP,Sao Paulo
3829,13829,5,186.09,2025-04-17,Vendedor_49,CE,Fortaleza
3830,13830,5,258.56,2025-07-13,Vendedor_39,PR,Londrina
3831,13831,2,274.28,2025-06-19,Vendedor_8,MG,Juiz de Fora
3832,13832,1,175.32,2025-02-13,Vendedor_45,GO,Anapolis
3833,13833,5,205.69,2025-07-29,Vendedor_42,PR,Londrina
3834,13834,3,270.28,2025-07-14,Vendedor_15,DF,Brasilia
3835,13835,1,182.93,2025-05-08,Vendedor_43,RJ,Volta Redonda
3836,13836,1,212.35,2025-04-21,Vendedor_3,BA,Vitoria da Conquista
3837,13837,6,266.6,2025-04-06,Vendedor_27,CE,Juazeiro do Norte
3838,13838,4,253.95,2025-08-19,Vendedor_33,RS,Pelotas
3839,13839,3,99.22,2025-02-27,Vendedor_41,BA,Salvador
3840,13840,5,97.01,2025-02-09,Vendedor_29,BA,Vitoria da Conquista
3841,13841,6,171.35,2025-02-01,Vendedor_23,RS,Pelotas
3842,13842,3,267.48,2025-03-12,Vendedor_40,RS,Porto Alegre
3843,13843,2,282.85,2025-06-12,Vendedor_48,RS,Porto Alegre
3844,13844,6,288.62,2025-04-14,Vendedor_36,PE,Recife
3845,13845,5,297.43,2025-07-25,Vendedor_35,BA,Feira de Santana
3846,13846,1,191.1,2025-05-09,Vendedor_39,CE,Sobral
3847,13847,1,281.85,2025-06-15,Vendedor_46,RS,Porto Alegre
3848,13848,5,239.86,2025-04-15,Vendedor_28,GO,Goiania
3849,13849,3,177.75,2025-04-18,Vendedor_24,DF,Brasilia
3850,13850,5,284.22,2025-05-15,Vendedor_16,PE,Recife
3851,13851,5,169.39,2025-08-26,Vendedor_35,CE,Juazeiro do Norte
3852,13852,5,144.39,2025-04-08,Vendedor_2,PE,Recife
3853,13853,6,230.96,2025-05-09,Vendedor_33,PE,Petrolina
3854,13854,1,107.25,2025-03-19,Vendedor_20,MG,Belo Horizonte
3855,13855,4,287.36,2025-08-31,Vendedor_42,SP,Sao Paulo
3856,13856,3,249.04,2025-04-02,Vendedor_37,RJ,Niteroi
3857,13857,5,203.95,2025-05-29,Vendedor_6,RS,Porto Alegre
3858,13858,4,100.75,2025-04-27,Vendedor_3,BA,Salvador
3859,13859,3,131.55,2025-02-26,Vendedor_26,GO,Anapolis
3860,13860,3,190.74,2025-01-27,Vendedor_32,MG,Uberlandia
3861,13861,5,190.03,2025-06-04,Vendedor_30,BA,Feira de Santana
3862,13862,3,183.81,2025-03-13,Vendedor_22,PR,Maringa
3863,13863,4,153.54,2025-07-24,Vendedor_26,RS,Porto Alegre
3864,13864,2,236.47,2025-06-22,Vendedor_5,PR,Maringa
3865,13865,5,286.82,2025-08-30,Vendedor_40,SP,Sao Paulo
3866,13866,5,199.52,2025-02-19,Vendedor_24,SP,Campinas
3867,13867,3,261.99,2025-02-06,Vendedor_24,BA,Vitoria da Conquista
3868,13868,2,215.69,2025-08-17,Vendedor_26,DF,Brasilia
3869,13869,4,86.71,2025-03-05,Vendedor_15,CE,Juazeiro do Norte
3870,13870,1,110.71,2025-08-19,Vendedor_7,RJ,Niteroi
3871,13871,2,273.23,2025-08-04,Vendedor_30,BA,Feira de Santana
3872,13872,3,184.6,2025-03-18,Vendedor_20,BA,Feira de Santana
3873,13873,4,250.46,2025-06-22,Vendedor_7,DF,Brasilia
3874,13874,3,263.61,2025-03-04,Vendedor_37,PE,Petrolina
3875,13875,5,199.46,2025-03-25,Vendedor_2,CE,Juazeiro do Norte
3876,13876,3,80.35,2025-04-25,Vendedor_31,MG,Uberlandia
3877,13877,5,233.09,2025-07-25,Vendedor_5,DF,Brasilia
3878,13878,1,291.77,2025-03-09,Vendedor_9,BA,Feira de Santana
3879,13879,3,198.1,2025-03-20,Vendedor_41,DF,Brasilia
3880,13880,6,263.78,2025-02-20,Vendedor_40,BA,Salvador
3881,13881,4,153.08,2025-08-05,Vendedor_38,RJ,Rio de Janeiro
3882,13882,3,109.48,2025-07-12,Vendedor_47,CE,Sobral
3883,13883,5,141.16,2025-07-16,Vendedor_24,PR,Londrina
3884,13884,6,176.06,2025-05-22,Vendedor_4,PE,Olinda
3885,13885,6,261.38,2025-04-24,Vendedor_38,RJ,Volta Redonda
3886,13886,6,217.49,2025-02-06,Vendedor_37,SP,Santos
3887,13887,6,122.02,2025-07-07,Vendedor_6,PE,Recife
3888,13888,4,133.65,2025-05-23,Vendedor_22,BA,Salvador
3889,13889,1,252.93,2025-03-12,Vendedor_50,GO,Aparecida de Goiania
3890,13890,4,226.1,2025-03-17,Vendedor_1,DF,Brasilia
3891,13891,3,120.79,2025-03-08,Vendedor_30,BA,Feira de Santana
3892,13892,4,217.64,2025-02-20,Vendedor_8,RS,Caxias do Sul
3893,13893,5,282.64,2025-02-15,Vendedor_24,CE,Juazeiro do Norte
3894,13894,2,204.52,2025-07-31,Vendedor_27,RJ,Niteroi
3895,13895,6,98.88,2025-05-19,Vendedor_34,BA,Salvador
3896,13896,2,241.61,2025-03-25,Vendedor_24,MG,Uberlandia
3897,13897,1,285.66,2025-04-29,Vendedor_27,CE,Sobral
3898,13898,1,202.57,2025-06-27,Vendedor_4,RS,Caxias do Sul
3899,13899,4,204.13,2025-07-03,Vendedor_23,PE,Recife
3900,13900,1,279.73,2025-06-07,Vendedor_26,CE,Juazeiro do Norte
3901,13901,3,141.88,2025-02-11,Vendedor_32,BA,Feira de Santana
3902,13902,4,155.98,2025-08-26,Vendedor_36,RS,Porto Alegre
3903,13903,5,156.57,2025-02-08,Vendedor_39,BA,Salvador
3904,13904,5,145.9,2025-08-02,Vendedor_5,MG,Belo Horizonte
3905,13905,5,109.95,2025-06-08,Vendedor_49,DF,Brasilia
3906,13906,4,215.58,2025-06-08,Vendedor_41,MG,Uberlandia
3907,13907,6,181.99,2025-06-14,Vendedor_43,RS,Pelotas
3908,13908,3,157.12,2025-07-18,Vendedor_38,PE,Petrolina
3909,13909,4,254.52,2025-01-25,Vendedor_24,MG,Belo Horizonte
3910,13910,3,276.2,2025-04-08,Vendedor_30,PE,Petrolina
3911,13911,6,144.37,2025-01-12,Vendedor_11,PR,Curitiba
3912,13912,4,127.55,2025-06-08,Vendedor_30,RJ,Volta Redonda
3913,13913,5,156.44,2025-02-14,Vendedor_4,PE,Olinda
3914,13914,3,220.76,2025-08-23,Vendedor_44,SP,Santos
3915,13915,6,108.16,2025-06-15,Vendedor_34,RS,Pelotas
3916,13916,4,131.3,2025-07-09,Vendedor_43,PR,Londrina
3917,13917,1,100.64,2025-05-23,Vendedor_46,PR,Maringa
3918,13918,2,269.62,2025-07-13,Vendedor_1,RS,Porto Alegre
3919,13919,3,252.87,2025-06-09,Vendedor_41,DF,Brasilia
3920,13920,6,154.54,2025-08-15,Vendedor_21,SP,Sao Paulo
3921,13921,5,264.8,2025-08-05,Vendedor_46,PE,Petrolina
3922,13922,4,88.86,2025-03-27,Vendedor_14,SP,Sao Paulo
3923,13923,4,190.76,2025-05-21,Vendedor_7,GO,Goiania
3924,13924,3,185.22,2025-04-28,Vendedor_48,RS,Caxias do Sul
3925,13925,2,133.61,2025-06-20,Vendedor_40,RJ,Niteroi
3926,13926,2,184.79,2025-07-23,Vendedor_36,RJ,Rio de Janeiro
3927,13927,6,152.69,2025-01-11,Vendedor_43,PR,Maringa
3928,13928,5,187.63,2025-05-30,Vendedor_7,PR,Londrina
3929,13929,3,107.32,2025-08-14,Vendedor_34,SP,Santos
3930,13930,5,177.94,2025-07-01,Vendedor_49,DF,Brasilia
3931,13931,3,237.28,2025-06-30,Vendedor_36,GO,Anapolis
3932,13932,2,280.72,2025-08-03,Vendedor_47,GO,Goiania
3933,13933,5,230.18,2025-07-14,Vendedor_23,GO,Anapolis
3934,13934,3,269.24,2025-07-27,Vendedor_4,GO,Aparecida de Goiania
3935,13935,5,97.28,2025-02-15,Vendedor_24,GO,Goiania
3936,13936,6,216.25,2025-08-29,Vendedor_17,RJ,Niteroi
3937,13937,1,97.93,2025-02-11,Vendedor_23,DF,Brasilia
3938,13938,5,161.36,2025-08-28,Vendedor_19,MG,Belo Horizonte
3939,13939,6,274.46,2025-07-14,Vendedor_40,SP,Santos
3940,13940,3,201.3,2025-01-18,Vendedor_28,MG,Juiz de Fora
3941,13941,1,199.97,2025-07-16,Vendedor_36,GO,Aparecida de Goiania
3942,13942,2,139.12,2025-01-28,Vendedor_47,GO,Goiania
3943,13943,1,148.73,2025-04-15,Vendedor_34,DF,Brasilia
3944,13944,6,276.25,2025-04-14,Vendedor_23,RJ,Rio de Janeiro
3945,13945,2,144.09,2025-04-08,Vendedor_20,MG,Uberlandia
3946,13946,6,123.7,2025-06-23,Vendedor_36,DF,Brasilia
3947,13947,4,140.13,2025-06-13,Vendedor_44,CE,Sobral
3948,13948,5,155.8,2025-06-17,Vendedor_2,RJ,Rio de Janeiro
3949,13949,4,236.06,2025-08-27,Vendedor_15,PE,Recife
3950,13950,5,278.49,2025-01-18,Vendedor_12,SP,Sao Paulo
3951,13951,2,155.38,2025-06-05,Vendedor_29,GO,Anapolis
3952,13952,2,92.45,2025-01-03,Vendedor_47,PE,Olinda
3953,13953,2,186.97,2025-08-21,Vendedor_36,DF,Brasilia
3954,13954,5,293.86,2025-05-20,Vendedor_28,SP,Santos
3955,13955,1,85.57,2025-04-09,Vendedor_10,GO,Aparecida de Goiania
3956,13956,3,188.84,2025-05-23,Vendedor_9,BA,Salvador
3957,13957,3,266.88,2025-01-30,Vendedor_40,DF,Brasilia
3958,13958,1,276.07,2025-02-20,Vendedor_16,RJ,Volta Redonda
3959,13959,2,219.97,2025-02-03,Vendedor_10,PR,Curitiba
3960,13960,4,83.45,2025-08-22,Vendedor_36,PE,Recife
3961,13961,6,145.48,2025-04-19,Vendedor_16,DF,Brasilia
3962,13962,4,136.7,2025-05-24,Vendedor_29,SP,Sao Paulo
3963,13963,1,223.4,2025-06-12,Vendedor_5,RS,Pelotas
3964,13964,1,292.28,2025-01-26,Vendedor_24,BA,Salvador
3965,13965,6,216.74,2025-07-15,Vendedor_23,GO,Goiania
3966,13966,6,117.81,2025-02-26,Vendedor_34,BA,Feira de Santana
3967,13967,5,184.35,2025-03-08,Vendedor_4,MG,Uberlandia
3968,13968,6,98.58,2025-01-29,Vendedor_28,PR,Curitiba
3969,13969,5,122.09,2025-07-10,Vendedor_5,RS,Pelotas
3970,13970,4,163.64,2025-02-13,Vendedor_47,RJ,Volta Redonda
3971,13971,2,197.31,2025-02-04,Vendedor_36,RJ,Niteroi
3972,13972,2,104.58,2025-01-25,Vendedor_9,GO,Anapolis
3973,13973,4,118.67,2025-01-18,Vendedor_48,PR,Curitiba
3974,13974,4,194.17,2025-02-24,Vendedor_17,PE,Petrolina
3975,13975,5,263.43,2025-02-26,Vendedor_46,PE,Olinda
3976,13976,4,252.24,2025-07-27,Vendedor_3,PE,Petrolina
3977,13977,5,164.62,2025-08-06,Vendedor_2,DF,Brasilia
3978,13978,4,100.29,2025-01-09,Vendedor_17,RS,Caxias do Sul
3979,13979,2,255.26,2025-02-17,Vendedor_11,PE,Petrolina
3980,13980,1,184.54,2025-07-09,Vendedor_10,PR,Londrina
3981,13981,6,143.02,2025-03-24,Vendedor_27,DF,Brasilia
3982,13982,1,194.84,2025-02-27,Vendedor_43,MG,Belo Horizonte
3983,13983,2,207.48,2025-06-19,Vendedor_26,SP,Santos
3984,13984,2,146.25,2025-06-21,Vendedor_29,MG,Juiz de Fora
3985,13985,2,216.29,2025-03-14,Vendedor_21,DF,Brasilia
3986,13986,1,82.74,2025-03-20,Vendedor_11,DF,Brasilia
3987,13987,5,146.91,2025-02-06,Vendedor_4,MG,Juiz de Fora
3988,13988,3,288.92,2025-05-10,Vendedor_30,RJ,Volta Redonda
3989,13989,5,258.82,2025-05-02,Vendedor_48,RJ,Rio de Janeiro
3990,13990,2,82.49,2025-06-08,Vendedor_38,DF,Brasilia
3991,13991,1,206.92,2025-03-22,Vendedor_4,MG,Juiz de Fora
3992,13992,2,255.7,2025-03-01,Vendedor_3,DF,Brasilia
3993,13993,3,141.83,2025-01-11,Vendedor_41,BA,Vitoria da Conquista
3994,13994,1,205.23,2025-01-05,Vendedor_25,RJ,Niteroi
3995,13995,3,249.22,2025-04-13,Vendedor_4,DF,Brasilia
3996,13996,6,133.21,2025-06-19,Vendedor_17,MG,Uberlandia
3997,13997,4,250.5,2025-07-29,Vendedor_3,RJ,Volta Redonda
3998,13998,5,239.25,2025-04-26,Vendedor_17,SP,Sao Paulo
3999,13999,1,119.82,2025-06-30,Vendedor_47,RS,Porto Alegre
4000,14000,5,163.79,2025-05-01,Vendedor_4,GO,Aparecida de Goiania
4001,14001,6,251.36,2025-06-11,Vendedor_6,PR,Londrina
4002,14002,2,219.64,2025-03-22,Vendedor_29,MG,Uberlandia
4003,14003,4,192.36,2025-06-13,Vendedor_36,RS,Caxias do Sul
4004,14004,3,165.63,2025-07-03,Vendedor_14,GO,Goiania
4005,14005,1,153.28,2025-05-02,Vendedor_49,SP,Santos
4006,14006,4,181.24,2025-01-19,Vendedor_32,DF,Brasilia
4007,14007,1,171.51,2025-06-16,Vendedor_49,GO,Goiania
4008,14008,1,128.57,2025-02-19,Vendedor_47,CE,Fortaleza
4009,14009,4,256.37,2025-08-20,Vendedor_5,MG,Uberlandia
4010,14010,4,294.73,2025-04-12,Vendedor_1,CE,Fortaleza
4011,14011,5,188.94,2025-05-14,Vendedor_22,SP,Sao Paulo
4012,14012,5,294.77,2025-07-06,Vendedor_20,PE,Petrolina
4013,14013,2,160.3,2025-06-01,Vendedor_25,GO,Anapolis
4014,14014,4,154.86,2025-02-26,Vendedor_24,DF,Brasilia
4015,14015,3,278.43,2025-04-14,Vendedor_45,BA,Salvador
4016,14016,3,291.79,2025-08-19,Vendedor_3,BA,Vitoria da Conquista
4017,14017,2,139.75,2025-07-04,Vendedor_22,MG,Belo Horizonte
4018,14018,6,283.89,2025-08-31,Vendedor_11,MG,Juiz de Fora
4019,14019,3,108.67,2025-08-13,Vendedor_35,RJ,Niteroi
4020,14020,2,227.68,2025-03-02,Vendedor_12,BA,Vitoria da Conquista
4021,14021,6,274.43,2025-01-14,Vendedor_50,DF,Brasilia
4022,14022,5,169.78,2025-04-16,Vendedor_19,BA,Salvador
4023,14023,6,113.28,2025-03-09,Vendedor_9,PE,Petrolina
4024,14024,3,277.22,2025-04-27,Vendedor_28,BA,Salvador
4025,14025,6,250.03,2025-08-01,Vendedor_16,GO,Goiania
4026,14026,6,93.52,2025-08-28,Vendedor_17,PR,Maringa
4027,14027,1,174.98,2025-05-22,Vendedor_36,DF,Brasilia
4028,14028,3,239.4,2025-08-03,Vendedor_41,CE,Fortaleza
4029,14029,3,186.38,2025-07-28,Vendedor_32,PE,Olinda
4030,14030,2,281.55,2025-02-18,Vendedor_45,GO,Aparecida de Goiania
4031,14031,5,88.3,2025-06-13,Vendedor_39,BA,Salvador
4032,14032,3,237.13,2025-07-24,Vendedor_11,DF,Brasilia
4033,14033,5,285.76,2025-07-29,Vendedor_13,BA,Vitoria da Conquista
4034,14034,3,134.34,2025-01-06,Vendedor_36,RJ,Niteroi
4035,14035,6,244.09,2025-08-27,Vendedor_9,DF,Brasilia
4036,14036,2,160.74,2025-08-14,Vendedor_44,DF,Brasilia
4037,14037,6,153.77,2025-05-24,Vendedor_40,CE,Sobral
4038,14038,6,194.83,2025-06-27,Vendedor_6,SP,Santos
4039,14039,5,217.98,2025-02-09,Vendedor_46,RJ,Rio de Janeiro
4040,14040,2,230.16,2025-06-18,Vendedor_19,GO,Aparecida de Goiania
4041,14041,5,185.65,2025-01-10,Vendedor_24,RS,Pelotas
4042,14042,2,283.85,2025-04-09,Vendedor_35,SP,Sao Paulo
4043,14043,3,128.47,2025-04-25,Vendedor_37,CE,Juazeiro do Norte
4044,14044,4,265.87,2025-07-08,Vendedor_46,DF,Brasilia
4045,14045,6,264.37,2025-07-08,Vendedor_42,CE,Sobral
4046,14046,2,108.25,2025-01-19,Vendedor_30,RS,Caxias do Sul
4047,14047,3,160.92,2025-01-21,Vendedor_12,BA,Feira de Santana
4048,14048,6,202.57,2025-06-18,Vendedor_22,GO,Goiania
4049,14049,5,241.97,2025-04-20,Vendedor_48,SP,Santos
4050,14050,2,277.36,2025-08-07,Vendedor_18,SP,Sao Paulo
4051,14051,1,293.19,2025-04-14,Vendedor_23,PR,Londrina
4052,14052,4,142.31,2025-06-16,Vendedor_24,PE,Recife
4053,14053,3,232.65,2025-08-19,Vendedor_12,RS,Pelotas
4054,14054,1,248.94,2025-06-05,Vendedor_18,DF,Brasilia
4055,14055,2,170.72,2025-03-28,Vendedor_19,MG,Belo Horizonte
4056,14056,6,132.96,2025-03-14,Vendedor_16,CE,Juazeiro do Norte
4057,14057,4,243.52,2025-04-01,Vendedor_5,CE,Juazeiro do Norte
4058,14058,3,169.09,2025-03-10,Vendedor_46,CE,Sobral
4059,14059,3,121.71,2025-08-20,Vendedor_39,SP,Santos
4060,14060,6,84.07,2025-06-09,Vendedor_7,GO,Anapolis
4061,14061,2,163.19,2025-04-03,Vendedor_24,DF,Brasilia
4062,14062,6,123.28,2025-02-06,Vendedor_31,DF,Brasilia
4063,14063,5,222.66,2025-03-02,Vendedor_7,PR,Londrina
4064,14064,5,248.24,2025-05-04,Vendedor_5,DF,Brasilia
4065,14065,1,122.87,2025-05-10,Vendedor_29,MG,Juiz de Fora
4066,14066,4,292.2,2025-08-28,Vendedor_20,PE,Recife
4067,14067,3,122.19,2025-06-26,Vendedor_37,DF,Brasilia
4068,14068,2,147.95,2025-05-28,Vendedor_50,GO,Aparecida de Goiania
4069,14069,4,167.08,2025-02-25,Vendedor_5,BA,Salvador
4070,14070,1,237.74,2025-03-02,Vendedor_22,PR,Curitiba
4071,14071,3,264.99,2025-03-29,Vendedor_39,RS,Pelotas
4072,14072,1,205.14,2025-07-02,Vendedor_12,MG,Juiz de Fora
4073,14073,5,98.06,2025-01-30,Vendedor_42,SP,Santos
4074,14074,2,278.94,2025-03-11,Vendedor_16,SP,Sao Paulo
4075,14075,5,139.08,2025-07-14,Vendedor_1,GO,Goiania
4076,14076,1,223.26,2025-04-03,Vendedor_5,BA,Vitoria da Conquista
4077,14077,4,261.68,2025-04-14,Vendedor_7,RS,Porto Alegre
4078,14078,5,269.89,2025-02-04,Vendedor_34,RJ,Rio de Janeiro
4079,14079,6,120.37,2025-05-09,Vendedor_1,CE,Fortaleza
4080,14080,5,80.6,2025-06-19,Vendedor_41,CE,Sobral
4081,14081,4,287.68,2025-06-06,Vendedor_30,CE,Juazeiro do Norte
4082,14082,1,156.19,2025-07-29,Vendedor_10,MG,Juiz de Fora
4083,14083,1,208.82,2025-03-11,Vendedor_45,RS,Porto Alegre
4084,14084,3,256.64,2025-03-01,Vendedor_3,RJ,Rio de Janeiro
4085,14085,4,146.61,2025-08-09,Vendedor_15,RJ,Rio de Janeiro
4086,14086,1,297.55,2025-08-02,Vendedor_9,SP,Santos
4087,14087,6,95.57,2025-02-05,Vendedor_42,CE,Fortaleza
4088,14088,4,162.91,2025-04-30,Vendedor_4,PR,Curitiba
4089,14089,2,130.72,2025-04-06,Vendedor_3,BA,Feira de Santana
4090,14090,3,112.4,2025-02-01,Vendedor_3,BA,Feira de Santana
4091,14091,4,156.65,2025-05-09,Vendedor_23,RS,Porto Alegre
4092,14092,5,165.77,2025-06-29,Vendedor_5,PR,Maringa
4093,14093,2,266.63,2025-06-15,Vendedor_3,RJ,Rio de Janeiro
4094,14094,1,231.0,2025-05-12,Vendedor_38,PE,Recife
4095,14095,3,245.12,2025-03-16,Vendedor_28,MG,Belo Horizonte
4096,14096,1,222.68,2025-07-30,Vendedor_44,PR,Londrina
4097,14097,4,229.27,2025-03-11,Vendedor_29,SP,Santos
4098,14098,5,133.24,2025-02-17,Vendedor_33,RS,Pelotas
4099,14099,6,240.45,2025-03-04,Vendedor_21,CE,Juazeiro do Norte
4100,14100,4,208.98,2025-04-01,Vendedor_30,RJ,Niteroi
4101,14101,4,249.8,2025-01-24,Vendedor_12,CE,Juazeiro do Norte
4102,14102,3,162.55,2025-03-20,Vendedor_31,PR,Londrina
4103,14103,5,152.41,2025-06-22,Vendedor_31,SP,Campinas
4104,14104,5,114.37,2025-04-12,Vendedor_46,PR,Maringa
4105,14105,2,204.3,2025-07-12,Vendedor_8,GO,Aparecida de Goiania
4106,14106,1,151.42,2025-06-28,Vendedor_45,SP,Campinas
4107,14107,2,237.61,2025-07-03,Vendedor_37,DF,Brasilia
4108,14108,5,260.71,2025-03-19,Vendedor_3,SP,Campinas
4109,14109,4,253.46,2025-01-01,Vendedor_42,PR,Maringa
4110,14110,2,215.02,2025-03-13,Vendedor_9,PR,Maringa
4111,14111,1,111.49,2025-01-23,Vendedor_47,GO,Aparecida de Goiania
4112,14112,4,178.82,2025-04-05,Vendedor_23,DF,Brasilia
4113,14113,5,262.5,2025-01-22,Vendedor_41,GO,Anapolis
4114,14114,5,220.76,2025-06-26,Vendedor_14,GO,Aparecida de Goiania
4115,14115,3,219.86,2025-01-25,Vendedor_39,BA,Vitoria da Conquista
4116,14116,5,243.47,2025-05-01,Vendedor_18,MG,Uberlandia
4117,14117,6,108.26,2025-04-01,Vendedor_12,BA,Feira de Santana
4118,14118,1,227.61,2025-03-09,Vendedor_41,PR,Londrina
4119,14119,1,139.3,2025-03-06,Vendedor_14,BA,Salvador
4120,14120,6,210.09,2025-06-30,Vendedor_27,DF,Brasilia
4121,14121,2,211.8,2025-04-11,Vendedor_44,MG,Juiz de Fora
4122,14122,1,119.75,2025-05-29,Vendedor_33,PE,Recife
4123,14123,4,227.77,2025-02-11,Vendedor_18,PR,Curitiba
4124,14124,4,236.0,2025-01-20,Vendedor_1,PR,Londrina
4125,14125,3,171.35,2025-01-16,Vendedor_32,SP,Santos
4126,14126,4,206.88,2025-03-05,Vendedor_20,RS,Pelotas
4127,14127,2,160.82,2025-02-18,Vendedor_36,PE,Olinda
4128,14128,6,267.51,2025-07-12,Vendedor_29,BA,Vitoria da Conquista
4129,14129,2,222.24,2025-03-24,Vendedor_25,SP,Sao Paulo
4130,14130,1,199.42,2025-06-16,Vendedor_20,BA,Vitoria da Conquista
4131,14131,5,287.43,2025-07-02,Vendedor_30,MG,Juiz de Fora
4132,14132,4,247.96,2025-05-30,Vendedor_42,SP,Campinas
4133,14133,2,146.81,2025-07-23,Vendedor_28,DF,Brasilia
4134,14134,4,112.67,2025-05-28,Vendedor_24,RS,Porto Alegre
4135,14135,6,87.2,2025-05-29,Vendedor_24,RS,Porto Alegre
4136,14136,6,202.83,2025-06-01,Vendedor_23,RJ,Niteroi
4137,14137,4,131.92,2025-07-28,Vendedor_44,RS,Caxias do Sul
4138,14138,1,268.17,2025-06-09,Vendedor_39,BA,Vitoria da Conquista
4139,14139,1,81.2,2025-05-12,Vendedor_1,BA,Feira de Santana
4140,14140,2,114.87,2025-05-14,Vendedor_49,DF,Brasilia
4141,14141,2,161.21,2025-04-14,Vendedor_48,BA,Vitoria da Conquista
4142,14142,5,230.89,2025-08-03,Vendedor_32,MG,Juiz de Fora
4143,14143,1,199.92,2025-07-09,Vendedor_5,PE,Olinda
4144,14144,2,152.99,2025-04-04,Vendedor_15,CE,Juazeiro do Norte
4145,14145,3,132.27,2025-02-18,Vendedor_10,PR,Maringa
4146,14146,1,130.42,2025-05-14,Vendedor_33,BA,Salvador
4147,14147,1,261.64,2025-03-04,Vendedor_40,DF,Brasilia
4148,14148,2,147.26,2025-06-06,Vendedor_23,MG,Belo Horizonte
4149,14149,2,279.17,2025-05-05,Vendedor_38,PE,Petrolina
4150,14150,4,85.6,2025-07-24,Vendedor_12,MG,Uberlandia
4151,14151,6,88.64,2025-06-22,Vendedor_30,CE,Fortaleza
4152,14152,2,299.22,2025-01-17,Vendedor_11,MG,Uberlandia
4153,14153,6,215.35,2025-01-27,Vendedor_42,RS,Caxias do Sul
4154,14154,6,290.98,2025-04-28,Vendedor_49,MG,Uberlandia
4155,14155,1,119.82,2025-03-26,Vendedor_20,PE,Recife
4156,14156,2,273.18,2025-01-17,Vendedor_38,RS,Porto Alegre
4157,14157,3,225.62,2025-06-25,Vendedor_4,PR,Londrina
4158,14158,1,125.35,2025-06-09,Vendedor_42,DF,Brasilia
4159,14159,3,250.95,2025-08-29,Vendedor_15,CE,Sobral
4160,14160,6,166.55,2025-04-10,Vendedor_17,CE,Juazeiro do Norte
4161,14161,5,193.16,2025-04-02,Vendedor_20,SP,Campinas
4162,14162,4,280.95,2025-05-30,Vendedor_12,CE,Sobral
4163,14163,2,161.41,2025-01-11,Vendedor_38,PE,Recife
4164,14164,6,197.36,2025-02-23,Vendedor_7,DF,Brasilia
4165,14165,3,142.54,2025-08-06,Vendedor_10,BA,Vitoria da Conquista
4166,14166,2,180.58,2025-08-28,Vendedor_39,BA,Vitoria da Conquista
4167,14167,5,130.38,2025-05-01,Vendedor_37,RJ,Volta Redonda
4168,14168,1,225.18,2025-08-23,Vendedor_3,RS,Caxias do Sul
4169,14169,1,182.68,2025-04-06,Vendedor_47,CE,Fortaleza
4170,14170,5,245.8,2025-01-20,Vendedor_29,RS,Porto Alegre
4171,14171,4,270.95,2025-03-29,Vendedor_38,DF,Brasilia
4172,14172,2,215.81,2025-07-01,Vendedor_24,RJ,Volta Redonda
4173,14173,3,111.31,2025-01-27,Vendedor_17,GO,Goiania
4174,14174,4,168.62,2025-08-05,Vendedor_3,PR,Maringa
4175,14175,1,130.01,2025-08-10,Vendedor_9,PR,Maringa
4176,14176,6,279.2,2025-04-29,Vendedor_26,DF,Brasilia
4177,14177,3,184.71,2025-08-07,Vendedor_47,CE,Juazeiro do Norte
4178,14178,5,158.09,2025-03-09,Vendedor_14,RJ,Rio de Janeiro
4179,14179,4,273.14,2025-03-03,Vendedor_50,PE,Petrolina
4180,14180,2,182.6,2025-04-02,Vendedor_7,RJ,Rio de Janeiro
4181,14181,3,150.47,2025-05-15,Vendedor_13,BA,Salvador
4182,14182,3,296.89,2025-01-13,Vendedor_23,PE,Recife
4183,14183,1,130.97,2025-06-01,Vendedor_4,PR,Maringa
4184,14184,6,167.99,2025-07-30,Vendedor_37,GO,Anapolis
4185,14185,5,234.63,2025-06-27,Vendedor_29,DF,Brasilia
4186,14186,6,152.76,2025-07-05,Vendedor_33,PE,Petrolina
4187,14187,6,191.37,2025-07-19,Vendedor_21,CE,Juazeiro do Norte
4188,14188,1,84.71,2025-02-05,Vendedor_48,SP,Sao Paulo
4189,14189,2,128.75,2025-02-16,Vendedor_50,SP,Sao Paulo
4190,14190,4,261.1,2025-04-17,Vendedor_19,SP,Sao Paulo
4191,14191,5,102.2,2025-01-30,Vendedor_5,RJ,Rio de Janeiro
4192,14192,6,206.32,2025-01-01,Vendedor_15,PR,Londrina
4193,14193,4,127.23,2025-04-16,Vendedor_46,PE,Petrolina
4194,14194,2,175.0,2025-06-27,Vendedor_40,GO,Anapolis
4195,14195,3,239.6,2025-04-03,Vendedor_39,MG,Juiz de Fora
4196,14196,6,178.54,2025-03-15,Vendedor_42,PE,Recife
4197,14197,5,189.15,2025-01-07,Vendedor_4,PR,Curitiba
4198,14198,5,294.23,2025-05-22,Vendedor_24,RS,Pelotas
4199,14199,5,119.4,2025-02-22,Vendedor_50,GO,Goiania
4200,14200,5,217.67,2025-03-28,Vendedor_45,RJ,Niteroi
4201,14201,6,125.18,2025-06-28,Vendedor_49,GO,Aparecida de Goiania
4202,14202,5,267.22,2025-04-06,Vendedor_47,DF,Brasilia
4203,14203,5,233.82,2025-02-05,Vendedor_40,GO,Aparecida de Goiania
4204,14204,1,252.51,2025-06-21,Vendedor_47,BA,Vitoria da Conquista
4205,14205,3,244.62,2025-01-27,Vendedor_34,CE,Juazeiro do Norte
4206,14206,1,139.97,2025-05-24,Vendedor_20,RJ,Volta Redonda
4207,14207,3,238.34,2025-02-01,Vendedor_50,PE,Petrolina
4208,14208,6,180.22,2025-01-15,Vendedor_17,CE,Fortaleza
4209,14209,4,164.92,2025-05-04,Vendedor_13,RJ,Volta Redonda
4210,14210,3,159.41,2025-07-27,Vendedor_30,SP,Campinas
4211,14211,1,232.18,2025-01-14,Vendedor_1,GO,Anapolis
4212,14212,6,202.53,2025-02-13,Vendedor_8,MG,Belo Horizonte
4213,14213,6,174.24,2025-01-03,Vendedor_18,RJ,Niteroi
4214,14214,6,262.73,2025-08-20,Vendedor_1,CE,Fortaleza
4215,14215,2,238.27,2025-08-13,Vendedor_20,MG,Belo Horizonte
4216,14216,1,104.41,2025-06-03,Vendedor_37,RJ,Niteroi
4217,14217,2,151.85,2025-08-17,Vendedor_39,RS,Pelotas
4218,14218,2,250.76,2025-03-25,Vendedor_37,SP,Campinas
4219,14219,4,223.19,2025-08-20,Vendedor_5,DF,Brasilia
4220,14220,4,173.88,2025-02-10,Vendedor_26,SP,Campinas
4221,14221,1,181.36,2025-02-02,Vendedor_42,PE,Olinda
4222,14222,2,206.81,2025-06-03,Vendedor_22,RS,Porto Alegre
4223,14223,2,107.89,2025-08-27,Vendedor_26,GO,Goiania
4224,14224,1,121.8,2025-04-25,Vendedor_6,PE,Olinda
4225,14225,4,108.56,2025-07-09,Vendedor_8,MG,Uberlandia
4226,14226,5,100.82,2025-07-23,Vendedor_48,RJ,Rio de Janeiro
4227,14227,4,229.95,2025-03-18,Vendedor_39,RJ,Niteroi
4228,14228,3,124.53,2025-03-05,Vendedor_9,DF,Brasilia
4229,14229,4,111.36,2025-02-24,Vendedor_7,CE,Juazeiro do Norte
4230,14230,1,244.68,2025-03-03,Vendedor_26,BA,Salvador
4231,14231,3,193.66,2025-01-07,Vendedor_41,GO,Anapolis
4232,14232,5,177.6,2025-06-28,Vendedor_44,GO,Goiania
4233,14233,3,158.1,2025-03-11,Vendedor_18,RS,Pelotas
4234,14234,3,210.58,2025-08-02,Vendedor_34,RJ,Volta Redonda
4235,14235,6,262.87,2025-04-21,Vendedor_24,BA,Salvador
4236,14236,6,166.99,2025-01-05,Vendedor_1,SP,Campinas
4237,14237,2,81.69,2025-07-14,Vendedor_43,BA,Vitoria da Conquista
4238,14238,5,274.99,2025-06-17,Vendedor_5,RS,Caxias do Sul
4239,14239,5,198.11,2025-03-31,Vendedor_33,GO,Anapolis
4240,14240,1,108.41,2025-07-21,Vendedor_49,DF,Brasilia
4241,14241,3,90.97,2025-08-08,Vendedor_16,PE,Olinda
4242,14242,3,199.73,2025-07-08,Vendedor_33,CE,Fortaleza
4243,14243,3,188.24,2025-08-11,Vendedor_25,RS,Pelotas
4244,14244,5,103.29,2025-08-20,Vendedor_23,DF,Brasilia
4245,14245,6,210.19,2025-04-02,Vendedor_6,GO,Aparecida de Goiania
4246,14246,6,226.76,2025-03-24,Vendedor_30,GO,Anapolis
4247,14247,1,220.57,2025-06-26,Vendedor_3,PR,Londrina
4248,14248,6,167.3,2025-02-20,Vendedor_19,DF,Brasilia
4249,14249,2,159.33,2025-03-17,Vendedor_30,PE,Recife
4250,14250,3,218.01,2025-03-31,Vendedor_40,DF,Brasilia
4251,14251,3,158.92,2025-04-26,Vendedor_24,PR,Maringa
4252,14252,6,211.1,2025-08-14,Vendedor_46,RJ,Volta Redonda
4253,14253,6,280.33,2025-03-16,Vendedor_42,SP,Sao Paulo
4254,14254,1,215.61,2025-05-01,Vendedor_29,BA,Feira de Santana
4255,14255,6,237.27,2025-08-08,Vendedor_17,RJ,Volta Redonda
4256,14256,4,257.67,2025-04-10,Vendedor_38,MG,Uberlandia
4257,14257,1,299.14,2025-04-05,Vendedor_41,RS,Caxias do Sul
4258,14258,5,217.47,2025-02-08,Vendedor_25,GO,Aparecida de Goiania
4259,14259,4,172.73,2025-03-12,Vendedor_46,PE,Petrolina
4260,14260,2,176.94,2025-01-12,Vendedor_46,MG,Juiz de Fora
4261,14261,3,245.41,2025-08-23,Vendedor_44,RJ,Volta Redonda
4262,14262,5,293.46,2025-02-08,Vendedor_1,DF,Brasilia
4263,14263,3,108.57,2025-06-24,Vendedor_16,RS,Pelotas
4264,14264,4,229.64,2025-01-07,Vendedor_12,DF,Brasilia
4265,14265,2,174.07,2025-01-22,Vendedor_11,BA,Feira de Santana
4266,14266,1,207.65,2025-06-23,Vendedor_10,MG,Juiz de Fora
4267,14267,3,171.12,2025-02-17,Vendedor_3,GO,Goiania
4268,14268,6,111.69,2025-01-12,Vendedor_29,MG,Belo Horizonte
4269,14269,2,179.44,2025-08-06,Vendedor_34,MG,Belo Horizonte
4270,14270,2,289.0,2025-01-19,Vendedor_31,SP,Santos
4271,14271,6,97.97,2025-06-17,Vendedor_4,GO,Goiania
4272,14272,6,298.34,2025-05-31,Vendedor_32,PR,Londrina
4273,14273,6,90.95,2025-07-05,Vendedor_47,RS,Pelotas
4274,14274,1,167.05,2025-06-26,Vendedor_3,BA,Feira de Santana
4275,14275,6,238.22,2025-01-15,Vendedor_45,RJ,Rio de Janeiro
4276,14276,5,218.85,2025-01-09,Vendedor_50,RS,Porto Alegre
4277,14277,6,127.11,2025-04-17,Vendedor_36,PR,Curitiba
4278,14278,2,145.9,2025-08-14,Vendedor_18,SP,Santos
4279,14279,4,199.7,2025-02-10,Vendedor_38,PR,Londrina
4280,14280,2,297.8,2025-03-14,Vendedor_22,RJ,Volta Redonda
4281,14281,3,124.13,2025-06-05,Vendedor_48,CE,Sobral
4282,14282,1,197.6,2025-06-26,Vendedor_46,PR,Londrina
4283,14283,6,201.79,2025-08-12,Vendedor_5,PR,Maringa
4284,14284,6,206.06,2025-03-17,Vendedor_44,DF,Brasilia
4285,14285,2,244.77,2025-03-10,Vendedor_21,RJ,Rio de Janeiro
4286,14286,2,128.48,2025-04-26,Vendedor_5,RJ,Rio de Janeiro
4287,14287,2,123.0,2025-05-21,Vendedor_26,GO,Goiania
4288,14288,1,281.45,2025-04-06,Vendedor_22,PE,Petrolina
4289,14289,3,196.4,2025-01-23,Vendedor_9,MG,Juiz de Fora
4290,14290,5,132.01,2025-01-06,Vendedor_22,PR,Curitiba
4291,14291,6,123.53,2025-01-12,Vendedor_45,PR,Maringa
4292,14292,3,102.07,2025-02-15,Vendedor_12,PR,Curitiba
4293,14293,3,119.23,2025-03-14,Vendedor_42,PR,Curitiba
4294,14294,2,288.13,2025-08-23,Vendedor_13,PR,Maringa
4295,14295,5,180.64,2025-02-02,Vendedor_39,PE,Olinda
4296,14296,3,195.59,2025-08-16,Vendedor_20,RS,Caxias do Sul
4297,14297,4,110.04,2025-08-10,Vendedor_5,SP,Sao Paulo
4298,14298,2,201.02,2025-07-11,Vendedor_3,SP,Sao Paulo
4299,14299,2,234.87,2025-04-08,Vendedor_20,PR,Maringa
4300,14300,6,158.7,2025-06-06,Vendedor_15,PE,Petrolina
4301,14301,2,290.29,2025-04-14,Vendedor_28,BA,Vitoria da Conquista
4302,14302,2,224.28,2025-02-06,Vendedor_5,RS,Porto Alegre
4303,14303,1,245.84,2025-01-02,Vendedor_30,PR,Curitiba
4304,14304,1,236.78,2025-01-27,Vendedor_14,GO,Aparecida de Goiania
4305,14305,4,255.62,2025-08-09,Vendedor_1,RS,Caxias do Sul
4306,14306,1,186.73,2025-06-07,Vendedor_46,DF,Brasilia
4307,14307,3,276.63,2025-06-02,Vendedor_43,DF,Brasilia
4308,14308,1,267.41,2025-05-15,Vendedor_7,GO,Anapolis
4309,14309,2,207.16,2025-04-25,Vendedor_28,DF,Brasilia
4310,14310,1,135.2,2025-02-22,Vendedor_29,DF,Brasilia
4311,14311,4,222.26,2025-08-06,Vendedor_8,DF,Brasilia
4312,14312,4,94.55,2025-06-04,Vendedor_21,SP,Campinas
4313,14313,2,238.98,2025-04-03,Vendedor_38,PE,Recife
4314,14314,3,197.37,2025-02-10,Vendedor_35,GO,Aparecida de Goiania
4315,14315,4,229.78,2025-06-19,Vendedor_42,SP,Campinas
4316,14316,1,200.42,2025-07-11,Vendedor_27,CE,Sobral
4317,14317,4,262.78,2025-06-02,Vendedor_50,RS,Caxias do Sul
4318,14318,3,240.79,2025-07-25,Vendedor_12,PE,Petrolina
4319,14319,3,277.3,2025-04-09,Vendedor_20,RJ,Niteroi
4320,14320,3,147.81,2025-07-09,Vendedor_39,DF,Brasilia
4321,14321,6,279.35,2025-03-17,Vendedor_21,PR,Curitiba
4322,14322,4,172.44,2025-08-07,Vendedor_46,SP,Sao Paulo
4323,14323,6,285.8,2025-07-19,Vendedor_19,PR,Curitiba
4324,14324,5,162.81,2025-08-19,Vendedor_13,SP,Campinas
4325,14325,5,245.4,2025-03-25,Vendedor_3,PE,Recife
4326,14326,6,264.1,2025-01-27,Vendedor_48,GO,Aparecida de Goiania
4327,14327,1,171.68,2025-03-06,Vendedor_34,RS,Porto Alegre
4328,14328,4,200.13,2025-04-08,Vendedor_27,CE,Fortaleza
4329,14329,5,213.36,2025-02-13,Vendedor_18,RJ,Rio de Janeiro
4330,14330,1,91.52,2025-08-07,Vendedor_3,MG,Juiz de Fora
4331,14331,2,180.71,2025-07-22,Vendedor_37,CE,Fortaleza
4332,14332,2,121.55,2025-07-02,Vendedor_3,MG,Juiz de Fora
4333,14333,4,219.03,2025-04-12,Vendedor_38,SP,Campinas
4334,14334,4,285.95,2025-02-20,Vendedor_36,RJ,Niteroi
4335,14335,2,150.74,2025-01-10,Vendedor_17,DF,Brasilia
4336,14336,1,165.62,2025-07-09,Vendedor_43,MG,Juiz de Fora
4337,14337,2,265.35,2025-03-08,Vendedor_26,MG,Belo Horizonte
4338,14338,4,246.1,2025-06-06,Vendedor_47,PE,Olinda
4339,14339,4,271.69,2025-03-04,Vendedor_18,SP,Santos
4340,14340,1,233.63,2025-08-17,Vendedor_21,SP,Santos
4341,14341,1,189.29,2025-07-07,Vendedor_25,SP,Campinas
4342,14342,3,149.28,2025-04-06,Vendedor_46,BA,Feira de Santana
4343,14343,4,288.66,2025-03-16,Vendedor_36,DF,Brasilia
4344,14344,6,221.35,2025-07-17,Vendedor_33,PE,Petrolina
4345,14345,3,172.19,2025-01-04,Vendedor_31,PR,Maringa
4346,14346,3,210.01,2025-03-11,Vendedor_8,MG,Belo Horizonte
4347,14347,3,268.9,2025-06-24,Vendedor_34,GO,Goiania
4348,14348,4,135.68,2025-01-31,Vendedor_43,BA,Feira de Santana
4349,14349,4,250.56,2025-07-23,Vendedor_40,PE,Olinda
4350,14350,4,201.58,2025-07-05,Vendedor_48,RJ,Niteroi
4351,14351,1,225.7,2025-07-23,Vendedor_20,MG,Belo Horizonte
4352,14352,3,243.71,2025-03-08,Vendedor_37,SP,Santos
4353,14353,4,128.04,2025-08-31,Vendedor_44,RS,Pelotas
4354,14354,3,293.01,2025-03-04,Vendedor_43,CE,Juazeiro do Norte
4355,14355,1,162.62,2025-05-17,Vendedor_26,RJ,Volta Redonda
4356,14356,5,214.22,2025-07-18,Vendedor_48,DF,Brasilia
4357,14357,1,224.02,2025-02-13,Vendedor_25,MG,Belo Horizonte
4358,14358,6,189.73,2025-08-22,Vendedor_29,MG,Juiz de Fora
4359,14359,6,96.99,2025-04-17,Vendedor_24,SP,Sao Paulo
4360,14360,4,233.13,2025-03-09,Vendedor_11,GO,Goiania
4361,14361,6,115.83,2025-01-27,Vendedor_7,RS,Porto Alegre
4362,14362,2,253.65,2025-03-03,Vendedor_6,SP,Sao Paulo
4363,14363,4,239.57,2025-07-30,Vendedor_49,PR,Curitiba
4364,14364,5,272.68,2025-05-08,Vendedor_24,RJ,Rio de Janeiro
4365,14365,1,188.36,2025-06-19,Vendedor_50,MG,Uberlandia
4366,14366,4,134.18,2025-04-13,Vendedor_39,DF,Brasilia
4367,14367,3,175.95,2025-01-24,Vendedor_10,GO,Goiania
4368,14368,4,155.55,2025-08-05,Vendedor_46,PR,Maringa
4369,14369,2,217.74,2025-04-28,Vendedor_29,CE,Sobral
4370,14370,5,103.51,2025-01-23,Vendedor_41,RS,Caxias do Sul
4371,14371,1,198.18,2025-04-27,Vendedor_10,SP,Campinas
4372,14372,4,216.53,2025-06-19,Vendedor_5,SP,Sao Paulo
4373,14373,3,153.13,2025-05-02,Vendedor_46,RJ,Volta Redonda
4374,14374,6,88.74,2025-05-27,Vendedor_36,GO,Goiania
4375,14375,4,157.45,2025-03-22,Vendedor_13,CE,Fortaleza
4376,14376,4,197.23,2025-06-02,Vendedor_25,RS,Porto Alegre
4377,14377,4,91.57,2025-07-08,Vendedor_11,RJ,Niteroi
4378,14378,6,212.91,2025-04-23,Vendedor_4,MG,Belo Horizonte
4379,14379,3,242.9,2025-02-13,Vendedor_33,RJ,Rio de Janeiro
4380,14380,2,164.71,2025-07-16,Vendedor_16,RJ,Niteroi
4381,14381,3,195.54,2025-05-21,Vendedor_50,SP,Santos
4382,14382,6,199.21,2025-05-05,Vendedor_39,SP,Santos
4383,14383,3,240.23,2025-07-10,Vendedor_41,PR,Londrina
4384,14384,4,279.58,2025-03-15,Vendedor_47,GO,Goiania
4385,14385,5,273.88,2025-02-23,Vendedor_40,RJ,Rio de Janeiro
4386,14386,6,119.8,2025-04-12,Vendedor_44,GO,Aparecida de Goiania
4387,14387,2,92.3,2025-04-22,Vendedor_33,PR,Curitiba
4388,14388,5,157.69,2025-02-16,Vendedor_16,DF,Brasilia
4389,14389,4,279.28,2025-07-24,Vendedor_14,PR,Curitiba
4390,14390,3,261.55,2025-03-22,Vendedor_15,BA,Salvador
4391,14391,2,228.96,2025-06-29,Vendedor_43,DF,Brasilia
4392,14392,4,92.11,2025-04-15,Vendedor_36,GO,Anapolis
4393,14393,5,118.54,2025-04-12,Vendedor_36,GO,Goiania
4394,14394,1,284.56,2025-02-27,Vendedor_40,SP,Sao Paulo
4395,14395,3,87.34,2025-07-02,Vendedor_32,MG,Uberlandia
4396,14396,4,255.96,2025-04-27,Vendedor_22,MG,Juiz de Fora
4397,14397,1,181.85,2025-07-28,Vendedor_47,CE,Juazeiro do Norte
4398,14398,3,244.34,2025-05-05,Vendedor_2,CE,Juazeiro do Norte
4399,14399,6,92.57,2025-03-15,Vendedor_9,RS,Caxias do Sul
4400,14400,6,154.93,2025-05-12,Vendedor_44,GO,Goiania
4401,14401,1,216.63,2025-06-01,Vendedor_28,GO,Aparecida de Goiania
4402,14402,4,126.6,2025-07-05,Vendedor_46,RS,Porto Alegre
4403,14403,2,110.59,2025-07-12,Vendedor_43,DF,Brasilia
4404,14404,3,85.44,2025-01-02,Vendedor_9,GO,Anapolis
4405,14405,4,290.89,2025-08-13,Vendedor_40,CE,Fortaleza
4406,14406,5,240.3,2025-04-25,Vendedor_34,RJ,Volta Redonda
4407,14407,4,137.59,2025-03-11,Vendedor_1,PE,Petrolina
4408,14408,5,202.94,2025-08-13,Vendedor_43,SP,Campinas
4409,14409,4,223.15,2025-01-14,Vendedor_27,MG,Uberlandia
4410,14410,2,174.95,2025-04-11,Vendedor_10,BA,Salvador
4411,14411,2,95.34,2025-07-11,Vendedor_45,PE,Recife
4412,14412,5,165.78,2025-03-04,Vendedor_17,PR,Londrina
4413,14413,2,105.77,2025-08-07,Vendedor_3,BA,Feira de Santana
4414,14414,2,112.05,2025-06-29,Vendedor_16,PR,Londrina
4415,14415,5,222.3,2025-05-13,Vendedor_18,PR,Maringa
4416,14416,3,154.23,2025-03-06,Vendedor_26,GO,Anapolis
4417,14417,4,150.12,2025-06-20,Vendedor_16,RS,Pelotas
4418,14418,2,273.42,2025-04-22,Vendedor_18,DF,Brasilia
4419,14419,1,176.42,2025-01-21,Vendedor_48,DF,Brasilia
4420,14420,3,263.25,2025-01-12,Vendedor_9,RS,Porto Alegre
4421,14421,2,278.79,2025-07-13,Vendedor_13,CE,Juazeiro do Norte
4422,14422,1,286.64,2025-07-18,Vendedor_44,MG,Uberlandia
4423,14423,4,253.28,2025-04-22,Vendedor_27,SP,Santos
4424,14424,2,175.11,2025-04-07,Vendedor_12,RJ,Niteroi
4425,14425,6,114.8,2025-08-15,Vendedor_30,PE,Olinda
4426,14426,1,196.74,2025-07-21,Vendedor_32,DF,Brasilia
4427,14427,6,166.46,2025-03-23,Vendedor_5,DF,Brasilia
4428,14428,1,116.85,2025-06-12,Vendedor_34,RS,Pelotas
4429,14429,2,290.87,2025-02-08,Vendedor_12,CE,Fortaleza
4430,14430,4,272.63,2025-07-06,Vendedor_24,GO,Aparecida de Goiania
4431,14431,2,254.27,2025-07-10,Vendedor_33,GO,Aparecida de Goiania
4432,14432,2,125.64,2025-04-22,Vendedor_42,RS,Porto Alegre
4433,14433,6,282.77,2025-06-16,Vendedor_2,CE,Juazeiro do Norte
4434,14434,4,130.27,2025-05-12,Vendedor_49,PE,Recife
4435,14435,3,286.09,2025-03-24,Vendedor_36,CE,Juazeiro do Norte
4436,14436,5,255.29,2025-07-30,Vendedor_50,SP,Campinas
4437,14437,2,244.84,2025-06-27,Vendedor_6,PE,Olinda
4438,14438,3,299.63,2025-04-15,Vendedor_41,SP,Sao Paulo
4439,14439,1,191.05,2025-07-10,Vendedor_32,PE,Olinda
4440,14440,5,167.62,2025-03-07,Vendedor_34,RJ,Niteroi
4441,14441,3,267.0,2025-08-30,Vendedor_26,GO,Anapolis
4442,14442,1,239.32,2025-06-16,Vendedor_33,PE,Petrolina
4443,14443,4,224.76,2025-07-21,Vendedor_2,GO,Goiania
4444,14444,4,155.15,2025-07-05,Vendedor_14,BA,Vitoria da Conquista
4445,14445,4,234.95,2025-05-25,Vendedor_37,BA,Feira de Santana
4446,14446,1,148.74,2025-04-14,Vendedor_15,CE,Sobral
4447,14447,1,196.87,2025-02-09,Vendedor_17,GO,Aparecida de Goiania
4448,14448,4,158.29,2025-03-22,Vendedor_28,PR,Londrina
4449,14449,3,134.05,2025-02-24,Vendedor_22,CE,Juazeiro do Norte
4450,14450,1,113.39,2025-04-27,Vendedor_41,SP,Santos
4451,14451,2,109.89,2025-03-18,Vendedor_20,DF,Brasilia
4452,14452,1,277.37,2025-08-25,Vendedor_28,BA,Vitoria da Conquista
4453,14453,1,229.07,2025-03-31,Vendedor_19,RS,Caxias do Sul
4454,14454,4,107.58,2025-08-11,Vendedor_19,SP,Santos
4455,14455,4,278.27,2025-01-30,Vendedor_4,DF,Brasilia
4456,14456,2,227.33,2025-04-04,Vendedor_46,MG,Uberlandia
4457,14457,4,224.76,2025-08-20,Vendedor_47,MG,Belo Horizonte
4458,14458,2,246.35,2025-01-15,Vendedor_43,GO,Goiania
4459,14459,6,229.45,2025-02-04,Vendedor_7,PR,Maringa
4460,14460,2,185.23,2025-01-30,Vendedor_13,RJ,Rio de Janeiro
4461,14461,3,119.76,2025-07-26,Vendedor_12,DF,Brasilia
4462,14462,2,136.83,2025-03-28,Vendedor_10,MG,Belo Horizonte
4463,14463,1,136.04,2025-07-21,Vendedor_49,RJ,Niteroi
4464,14464,4,242.94,2025-01-01,Vendedor_16,PE,Olinda
4465,14465,1,126.43,2025-02-12,Vendedor_15,DF,Brasilia
4466,14466,4,144.87,2025-07-11,Vendedor_39,DF,Brasilia
4467,14467,3,217.91,2025-01-07,Vendedor_30,PR,Londrina
4468,14468,4,95.52,2025-07-22,Vendedor_41,PR,Maringa
4469,14469,2,230.74,2025-05-23,Vendedor_33,RS,Porto Alegre
4470,14470,4,208.88,2025-02-03,Vendedor_21,MG,Uberlandia
4471,14471,2,171.65,2025-01-01,Vendedor_13,MG,Juiz de Fora
4472,14472,3,89.99,2025-03-11,Vendedor_34,PE,Olinda
4473,14473,1,130.71,2025-04-28,Vendedor_2,DF,Brasilia
4474,14474,6,141.92,2025-07-30,Vendedor_19,SP,Santos
4475,14475,6,84.71,2025-05-12,Vendedor_42,MG,Uberlandia
4476,14476,6,115.09,2025-03-04,Vendedor_27,DF,Brasilia
4477,14477,6,82.03,2025-01-11,Vendedor_7,RS,Porto Alegre
4478,14478,4,90.37,2025-06-03,Vendedor_40,RJ,Rio de Janeiro
4479,14479,1,106.26,2025-06-29,Vendedor_1,RJ,Rio de Janeiro
4480,14480,5,154.39,2025-04-28,Vendedor_4,SP,Sao Paulo
4481,14481,3,155.65,2025-02-02,Vendedor_16,GO,Goiania
4482,14482,5,259.92,2025-05-26,Vendedor_27,MG,Uberlandia
4483,14483,1,200.4,2025-07-04,Vendedor_7,BA,Vitoria da Conquista
4484,14484,2,92.46,2025-03-30,Vendedor_49,SP,Campinas
4485,14485,3,89.88,2025-08-15,Vendedor_18,SP,Campinas
4486,14486,5,156.0,2025-06-23,Vendedor_1,MG,Belo Horizonte
4487,14487,2,225.8,2025-03-19,Vendedor_1,PE,Petrolina
4488,14488,3,201.7,2025-04-26,Vendedor_12,PR,Curitiba
4489,14489,4,118.81,2025-04-04,Vendedor_44,PE,Recife
4490,14490,5,192.15,2025-08-17,Vendedor_11,RS,Porto Alegre
4491,14491,5,262.44,2025-03-06,Vendedor_6,DF,Brasilia
4492,14492,2,124.62,2025-03-09,Vendedor_23,SP,Campinas
4493,14493,3,216.69,2025-05-12,Vendedor_7,PE,Olinda
4494,14494,2,282.71,2025-08-25,Vendedor_43,RJ,Volta Redonda
4495,14495,4,205.38,2025-05-13,Vendedor_36,SP,Campinas
4496,14496,1,276.26,2025-07-21,Vendedor_48,RS,Porto Alegre
4497,14497,6,125.75,2025-05-01,Vendedor_46,RS,Pelotas
4498,14498,3,172.05,2025-03-20,Vendedor_50,SP,Santos
4499,14499,1,205.77,2025-06-15,Vendedor_11,GO,Aparecida de Goiania
4500,14500,4,102.89,2025-03-03,Vendedor_49,RS,Porto Alegre
4501,14501,2,205.86,2025-06-14,Vendedor_44,CE,Fortaleza
4502,14502,5,188.37,2025-03-02,Vendedor_47,CE,Sobral
4503,14503,3,202.37,2025-03-11,Vendedor_1,SP,Santos
4504,14504,2,248.86,2025-03-27,Vendedor_42,GO,Anapolis
4505,14505,1,134.25,2025-03-24,Vendedor_22,RS,Porto Alegre
4506,14506,4,182.56,2025-04-30,Vendedor_31,SP,Campinas
4507,14507,2,187.19,2025-07-20,Vendedor_14,GO,Goiania
4508,14508,6,241.69,2025-01-23,Vendedor_10,GO,Goiania
4509,14509,3,214.07,2025-03-31,Vendedor_45,PE,Petrolina
4510,14510,5,273.64,2025-03-28,Vendedor_36,SP,Sao Paulo
4511,14511,1,93.44,2025-05-24,Vendedor_33,SP,Santos
4512,14512,6,136.87,2025-04-02,Vendedor_41,PR,Maringa
4513,14513,6,141.87,2025-08-13,Vendedor_2,PE,Olinda
4514,14514,1,263.79,2025-01-08,Vendedor_15,PE,Petrolina
4515,14515,3,99.79,2025-08-17,Vendedor_12,MG,Juiz de Fora
4516,14516,3,263.9,2025-06-02,Vendedor_8,RJ,Niteroi
4517,14517,1,238.59,2025-04-09,Vendedor_41,GO,Goiania
4518,14518,6,123.23,2025-06-22,Vendedor_38,BA,Salvador
4519,14519,6,227.36,2025-03-01,Vendedor_18,SP,Sao Paulo
4520,14520,1,122.56,2025-04-08,Vendedor_13,RS,Pelotas
4521,14521,6,141.69,2025-05-03,Vendedor_27,PR,Curitiba
4522,14522,2,227.73,2025-03-08,Vendedor_28,RJ,Niteroi
4523,14523,1,143.4,2025-02-03,Vendedor_3,SP,Sao Paulo
4524,14524,2,91.41,2025-01-21,Vendedor_44,RS,Pelotas
4525,14525,4,157.73,2025-06-12,Vendedor_30,CE,Juazeiro do Norte
4526,14526,1,219.86,2025-02-09,Vendedor_25,PE,Olinda
4527,14527,4,121.8,2025-04-09,Vendedor_37,CE,Sobral
4528,14528,3,255.6,2025-08-22,Vendedor_27,CE,Sobral
4529,14529,4,107.6,2025-06-02,Vendedor_15,DF,Brasilia
4530,14530,3,232.02,2025-04-29,Vendedor_38,BA,Salvador
4531,14531,3,151.26,2025-01-02,Vendedor_50,SP,Santos
4532,14532,6,202.68,2025-07-17,Vendedor_11,BA,Vitoria da Conquista
4533,14533,6,286.14,2025-08-26,Vendedor_32,PR,Londrina
4534,14534,6,295.69,2025-05-15,Vendedor_7,GO,Goiania
4535,14535,1,196.66,2025-02-24,Vendedor_17,BA,Salvador
4536,14536,1,111.05,2025-04-10,Vendedor_9,PE,Olinda
4537,14537,2,267.87,2025-08-24,Vendedor_39,MG,Uberlandia
4538,14538,2,242.47,2025-02-23,Vendedor_30,CE,Juazeiro do Norte
4539,14539,6,193.73,2025-06-16,Vendedor_50,DF,Brasilia
4540,14540,3,147.45,2025-01-06,Vendedor_34,PE,Recife
4541,14541,1,182.63,2025-03-01,Vendedor_3,RJ,Volta Redonda
4542,14542,2,155.15,2025-08-31,Vendedor_43,MG,Belo Horizonte
4543,14543,5,244.14,2025-02-09,Vendedor_46,MG,Belo Horizonte
4544,14544,6,243.36,2025-08-18,Vendedor_47,BA,Salvador
4545,14545,6,81.66,2025-06-03,Vendedor_29,MG,Juiz de Fora
4546,14546,6,106.87,2025-03-01,Vendedor_4,SP,Campinas
4547,14547,3,193.91,2025-07-06,Vendedor_24,DF,Brasilia
4548,14548,3,261.53,2025-08-11,Vendedor_46,RS,Caxias do Sul
4549,14549,5,290.35,2025-01-21,Vendedor_29,BA,Vitoria da Conquista
4550,14550,1,217.98,2025-07-29,Vendedor_18,DF,Brasilia
4551,14551,1,151.91,2025-08-30,Vendedor_45,RJ,Rio de Janeiro
4552,14552,1,130.4,2025-03-22,Vendedor_37,DF,Brasilia
4553,14553,6,265.93,2025-06-09,Vendedor_39,DF,Brasilia
4554,14554,5,268.95,2025-03-04,Vendedor_17,RJ,Rio de Janeiro
4555,14555,5,189.65,2025-07-11,Vendedor_39,RS,Pelotas
4556,14556,1,192.59,2025-06-30,Vendedor_3,BA,Salvador
4557,14557,5,127.79,2025-06-25,Vendedor_15,PE,Recife
4558,14558,4,180.99,2025-02-15,Vendedor_10,PE,Olinda
4559,14559,3,217.0,2025-06-29,Vendedor_50,DF,Brasilia
4560,14560,1,163.2,2025-07-16,Vendedor_26,CE,Juazeiro do Norte
4561,14561,1,275.46,2025-01-22,Vendedor_40,SP,Campinas
4562,14562,3,273.0,2025-05-12,Vendedor_15,PE,Recife
4563,14563,5,283.39,2025-04-17,Vendedor_36,SP,Campinas
4564,14564,3,85.71,2025-05-02,Vendedor_12,RS,Caxias do Sul
4565,14565,1,101.79,2025-06-06,Vendedor_28,MG,Juiz de Fora
4566,14566,5,104.1,2025-04-28,Vendedor_18,RJ,Rio de Janeiro
4567,14567,2,209.52,2025-07-06,Vendedor_3,RS,Pelotas
4568,14568,5,115.48,2025-02-20,Vendedor_26,DF,Brasilia
4569,14569,5,190.78,2025-02-28,Vendedor_27,PE,Recife
4570,14570,1,259.35,2025-05-13,Vendedor_49,BA,Vitoria da Conquista
4571,14571,1,232.84,2025-02-15,Vendedor_16,GO,Aparecida de Goiania
4572,14572,2,138.17,2025-01-05,Vendedor_46,PE,Petrolina
4573,14573,6,201.76,2025-04-21,Vendedor_20,RS,Caxias do Sul
4574,14574,1,216.02,2025-07-24,Vendedor_27,BA,Feira de Santana
4575,14575,5,171.39,2025-07-11,Vendedor_19,DF,Brasilia
4576,14576,2,112.07,2025-04-03,Vendedor_4,CE,Juazeiro do Norte
4577,14577,5,271.46,2025-08-11,Vendedor_39,MG,Belo Horizonte
4578,14578,5,274.95,2025-05-21,Vendedor_42,RJ,Volta Redonda
4579,14579,5,259.4,2025-03-07,Vendedor_49,BA,Vitoria da Conquista
4580,14580,2,269.93,2025-05-15,Vendedor_39,DF,Brasilia
4581,14581,1,227.79,2025-02-02,Vendedor_37,RJ,Rio de Janeiro
4582,14582,3,170.37,2025-05-29,Vendedor_33,MG,Belo Horizonte
4583,14583,6,105.29,2025-02-11,Vendedor_1,MG,Uberlandia
4584,14584,2,258.36,2025-04-05,Vendedor_2,PE,Petrolina
4585,14585,1,139.09,2025-01-20,Vendedor_47,PE,Petrolina
4586,14586,5,117.71,2025-05-28,Vendedor_44,GO,Anapolis
4587,14587,3,166.88,2025-06-11,Vendedor_32,RS,Caxias do Sul
4588,14588,5,225.5,2025-05-10,Vendedor_46,SP,Campinas
4589,14589,3,204.67,2025-01-06,Vendedor_25,RJ,Rio de Janeiro
4590,14590,2,198.78,2025-05-20,Vendedor_15,PE,Petrolina
4591,14591,2,106.9,2025-06-05,Vendedor_38,PE,Recife
4592,14592,5,113.5,2025-02-22,Vendedor_49,RS,Pelotas
4593,14593,3,84.1,2025-02-07,Vendedor_34,RS,Caxias do Sul
4594,14594,4,134.58,2025-07-18,Vendedor_14,MG,Belo Horizonte
4595,14595,6,200.65,2025-08-03,Vendedor_45,BA,Vitoria da Conquista
4596,14596,5,107.11,2025-08-29,Vendedor_35,RJ,Volta Redonda
4597,14597,4,114.55,2025-08-21,Vendedor_42,RJ,Rio de Janeiro
4598,14598,2,245.75,2025-06-17,Vendedor_39,MG,Juiz de Fora
4599,14599,5,142.17,2025-05-03,Vendedor_9,RS,Porto Alegre
4600,14600,3,221.1,2025-07-19,Vendedor_38,CE,Fortaleza
4601,14601,2,291.16,2025-05-28,Vendedor_47,SP,Campinas
4602,14602,4,263.4,2025-07-28,Vendedor_31,DF,Brasilia
4603,14603,1,282.24,2025-04-28,Vendedor_16,SP,Campinas
4604,14604,5,275.66,2025-02-26,Vendedor_41,RS,Caxias do Sul
4605,14605,4,97.9,2025-06-22,Vendedor_34,PR,Londrina
4606,14606,3,222.52,2025-03-04,Vendedor_23,CE,Fortaleza
4607,14607,4,256.83,2025-06-27,Vendedor_18,SP,Sao Paulo
4608,14608,2,160.79,2025-04-20,Vendedor_10,RJ,Niteroi
4609,14609,6,98.41,2025-03-26,Vendedor_9,RS,Porto Alegre
4610,14610,2,91.0,2025-04-10,Vendedor_49,PE,Olinda
4611,14611,4,154.11,2025-03-21,Vendedor_21,DF,Brasilia
4612,14612,5,255.79,2025-06-14,Vendedor_19,PR,Maringa
4613,14613,1,235.07,2025-03-15,Vendedor_11,BA,Feira de Santana
4614,14614,2,243.96,2025-08-01,Vendedor_7,PE,Petrolina
4615,14615,2,99.76,2025-03-04,Vendedor_4,GO,Aparecida de Goiania
4616,14616,2,120.21,2025-08-10,Vendedor_18,MG,Belo Horizonte
4617,14617,3,235.63,2025-04-26,Vendedor_46,RJ,Niteroi
4618,14618,2,295.48,2025-08-10,Vendedor_17,PE,Petrolina
4619,14619,2,117.33,2025-08-27,Vendedor_29,BA,Feira de Santana
4620,14620,4,165.44,2025-01-15,Vendedor_28,RS,Pelotas
4621,14621,6,173.02,2025-02-22,Vendedor_35,GO,Goiania
4622,14622,6,272.16,2025-01-29,Vendedor_28,GO,Goiania
4623,14623,1,112.42,2025-03-24,Vendedor_41,SP,Sao Paulo
4624,14624,1,160.25,2025-08-09,Vendedor_4,CE,Sobral
4625,14625,1,173.29,2025-03-11,Vendedor_12,DF,Brasilia
4626,14626,5,95.62,2025-08-03,Vendedor_27,CE,Juazeiro do Norte
4627,14627,1,233.92,2025-04-01,Vendedor_30,DF,Brasilia
4628,14628,6,283.1,2025-01-12,Vendedor_4,RJ,Rio de Janeiro
4629,14629,3,254.23,2025-03-15,Vendedor_37,PR,Maringa
4630,14630,2,111.43,2025-08-06,Vendedor_47,GO,Anapolis
4631,14631,3,136.64,2025-01-25,Vendedor_11,DF,Brasilia
4632,14632,2,190.59,2025-07-11,Vendedor_1,MG,Juiz de Fora
4633,14633,5,105.34,2025-01-27,Vendedor_49,CE,Juazeiro do Norte
4634,14634,4,203.72,2025-04-20,Vendedor_27,PE,Petrolina
4635,14635,4,119.21,2025-05-31,Vendedor_36,CE,Sobral
4636,14636,3,277.04,2025-04-30,Vendedor_43,DF,Brasilia
4637,14637,1,175.03,2025-06-26,Vendedor_14,MG,Juiz de Fora
4638,14638,2,114.17,2025-03-27,Vendedor_23,PR,Curitiba
4639,14639,2,138.42,2025-07-06,Vendedor_26,RS,Pelotas
4640,14640,5,85.81,2025-02-08,Vendedor_15,GO,Aparecida de Goiania
4641,14641,6,162.81,2025-06-24,Vendedor_3,DF,Brasilia
4642,14642,1,168.2,2025-07-07,Vendedor_31,BA,Feira de Santana
4643,14643,5,214.47,2025-04-27,Vendedor_44,MG,Juiz de Fora
4644,14644,6,137.85,2025-05-07,Vendedor_24,DF,Brasilia
4645,14645,5,274.87,2025-07-22,Vendedor_50,MG,Belo Horizonte
4646,14646,4,100.45,2025-08-23,Vendedor_33,MG,Belo Horizonte
4647,14647,2,258.67,2025-04-09,Vendedor_27,SP,Santos
4648,14648,5,158.89,2025-03-06,Vendedor_25,BA,Vitoria da Conquista
4649,14649,5,110.61,2025-06-03,Vendedor_39,RS,Caxias do Sul
4650,14650,5,167.72,2025-08-30,Vendedor_16,PR,Maringa
4651,14651,5,241.01,2025-04-16,Vendedor_6,RJ,Rio de Janeiro
4652,14652,4,114.53,2025-01-12,Vendedor_10,GO,Goiania
4653,14653,2,87.51,2025-04-21,Vendedor_26,RS,Pelotas
4654,14654,3,122.06,2025-08-27,Vendedor_6,DF,Brasilia
4655,14655,2,233.62,2025-01-10,Vendedor_21,BA,Feira de Santana
4656,14656,6,149.51,2025-04-01,Vendedor_42,DF,Brasilia
4657,14657,1,293.46,2025-07-09,Vendedor_22,GO,Aparecida de Goiania
4658,14658,4,92.77,2025-08-25,Vendedor_47,BA,Vitoria da Conquista
4659,14659,4,264.09,2025-07-29,Vendedor_9,GO,Anapolis
4660,14660,3,286.19,2025-07-27,Vendedor_40,GO,Aparecida de Goiania
4661,14661,1,141.39,2025-07-13,Vendedor_47,SP,Campinas
4662,14662,2,177.02,2025-07-09,Vendedor_19,CE,Juazeiro do Norte
4663,14663,2,202.41,2025-06-16,Vendedor_38,BA,Salvador
4664,14664,6,168.12,2025-05-18,Vendedor_28,PE,Petrolina
4665,14665,4,129.95,2025-08-18,Vendedor_13,PR,Maringa
4666,14666,5,159.23,2025-01-27,Vendedor_23,RJ,Niteroi
4667,14667,4,230.32,2025-07-24,Vendedor_29,DF,Brasilia
4668,14668,3,163.8,2025-03-17,Vendedor_12,MG,Belo Horizonte
4669,14669,5,156.92,2025-07-09,Vendedor_24,MG,Belo Horizonte
4670,14670,6,137.51,2025-06-21,Vendedor_24,CE,Fortaleza
4671,14671,1,294.91,2025-03-19,Vendedor_5,PE,Petrolina
4672,14672,6,283.61,2025-06-20,Vendedor_45,CE,Sobral
4673,14673,1,251.24,2025-03-05,Vendedor_9,PE,Petrolina
4674,14674,1,283.8,2025-05-09,Vendedor_46,PR,Londrina
4675,14675,3,183.42,2025-07-21,Vendedor_33,DF,Brasilia
4676,14676,4,154.6,2025-03-19,Vendedor_35,RJ,Niteroi
4677,14677,2,244.69,2025-06-27,Vendedor_19,DF,Brasilia
4678,14678,2,228.38,2025-01-21,Vendedor_28,GO,Aparecida de Goiania
4679,14679,3,280.24,2025-05-19,Vendedor_1,PR,Maringa
4680,14680,3,106.14,2025-07-29,Vendedor_49,SP,Campinas
4681,14681,3,248.77,2025-02-11,Vendedor_43,PR,Curitiba
4682,14682,4,175.16,2025-02-20,Vendedor_40,RS,Caxias do Sul
4683,14683,3,251.9,2025-08-29,Vendedor_38,SP,Sao Paulo
4684,14684,6,184.58,2025-03-02,Vendedor_28,MG,Belo Horizonte
4685,14685,1,225.76,2025-02-28,Vendedor_11,CE,Juazeiro do Norte
4686,14686,2,230.5,2025-02-03,Vendedor_21,SP,Santos
4687,14687,6,237.4,2025-04-08,Vendedor_20,PE,Olinda
4688,14688,4,182.17,2025-06-10,Vendedor_7,CE,Juazeiro do Norte
4689,14689,5,214.34,2025-05-01,Vendedor_1,RJ,Rio de Janeiro
4690,14690,6,253.77,2025-06-15,Vendedor_49,RS,Pelotas
4691,14691,4,181.65,2025-02-24,Vendedor_21,RS,Pelotas
4692,14692,6,100.29,2025-03-18,Vendedor_7,CE,Juazeiro do Norte
4693,14693,5,161.25,2025-07-20,Vendedor_16,CE,Juazeiro do Norte
4694,14694,2,163.11,2025-01-11,Vendedor_11,CE,Sobral
4695,14695,3,293.77,2025-06-10,Vendedor_22,DF,Brasilia
4696,14696,5,222.64,2025-08-18,Vendedor_14,DF,Brasilia
4697,14697,3,212.73,2025-06-30,Vendedor_38,RJ,Volta Redonda
4698,14698,1,178.81,2025-06-13,Vendedor_2,DF,Brasilia
4699,14699,5,92.19,2025-06-05,Vendedor_20,RJ,Niteroi
4700,14700,3,269.37,2025-04-23,Vendedor_4,MG,Juiz de Fora
4701,14701,2,252.14,2025-04-28,Vendedor_30,DF,Brasilia
4702,14702,6,94.11,2025-04-01,Vendedor_38,MG,Belo Horizonte
4703,14703,2,167.82,2025-04-14,Vendedor_42,BA,Vitoria da Conquista
4704,14704,2,271.73,2025-02-15,Vendedor_28,PE,Recife
4705,14705,5,172.95,2025-02-26,Vendedor_21,SP,Campinas
4706,14706,5,144.28,2025-08-20,Vendedor_12,RJ,Rio de Janeiro
4707,14707,5,130.81,2025-01-18,Vendedor_33,CE,Sobral
4708,14708,6,132.35,2025-01-14,Vendedor_3,RJ,Rio de Janeiro
4709,14709,2,130.16,2025-02-02,Vendedor_35,RJ,Volta Redonda
4710,14710,1,105.78,2025-02-15,Vendedor_19,BA,Salvador
4711,14711,5,149.06,2025-08-02,Vendedor_1,RS,Pelotas
4712,14712,2,257.58,2025-06-06,Vendedor_33,SP,Campinas
4713,14713,2,268.7,2025-01-16,Vendedor_40,CE,Juazeiro do Norte
4714,14714,1,91.84,2025-08-27,Vendedor_30,RJ,Volta Redonda
4715,14715,1,200.8,2025-06-09,Vendedor_1,CE,Fortaleza
4716,14716,3,262.5,2025-08-20,Vendedor_4,BA,Feira de Santana
4717,14717,1,140.82,2025-07-21,Vendedor_44,RS,Porto Alegre
4718,14718,6,143.77,2025-02-06,Vendedor_4,DF,Brasilia
4719,14719,4,215.73,2025-08-12,Vendedor_11,SP,Santos
4720,14720,6,198.38,2025-06-07,Vendedor_4,GO,Goiania
4721,14721,3,221.01,2025-07-16,Vendedor_43,CE,Juazeiro do Norte
4722,14722,2,132.9,2025-04-24,Vendedor_16,MG,Juiz de Fora
4723,14723,3,94.35,2025-08-17,Vendedor_17,RS,Pelotas
4724,14724,5,119.15,2025-08-18,Vendedor_32,CE,Fortaleza
4725,14725,4,104.32,2025-01-30,Vendedor_21,RJ,Volta Redonda
4726,14726,1,81.89,2025-03-30,Vendedor_41,PE,Recife
4727,14727,2,165.88,2025-01-17,Vendedor_34,RS,Porto Alegre
4728,14728,6,154.51,2025-08-24,Vendedor_40,BA,Salvador
4729,14729,4,288.12,2025-03-18,Vendedor_1,BA,Salvador
4730,14730,3,171.74,2025-08-29,Vendedor_20,GO,Anapolis
4731,14731,3,279.53,2025-04-29,Vendedor_23,RJ,Niteroi
4732,14732,6,235.81,2025-02-12,Vendedor_8,PR,Curitiba
4733,14733,2,285.63,2025-04-06,Vendedor_14,MG,Belo Horizonte
4734,14734,2,144.82,2025-01-14,Vendedor_39,PR,Londrina
4735,14735,4,261.56,2025-04-28,Vendedor_47,PR,Londrina
4736,14736,1,146.22,2025-01-30,Vendedor_9,SP,Campinas
4737,14737,1,122.13,2025-04-14,Vendedor_10,PR,Londrina
4738,14738,3,172.36,2025-06-29,Vendedor_50,RJ,Rio de Janeiro
4739,14739,6,104.93,2025-02-14,Vendedor_40,GO,Aparecida de Goiania
4740,14740,6,292.49,2025-02-21,Vendedor_9,CE,Juazeiro do Norte
4741,14741,4,185.35,2025-01-29,Vendedor_46,SP,Sao Paulo
4742,14742,4,109.48,2025-08-08,Vendedor_36,BA,Vitoria da Conquista
4743,14743,5,95.12,2025-07-05,Vendedor_21,RS,Caxias do Sul
4744,14744,2,299.61,2025-02-08,Vendedor_41,RS,Caxias do Sul
4745,14745,1,218.54,2025-01-28,Vendedor_16,CE,Juazeiro do Norte
4746,14746,4,170.61,2025-05-28,Vendedor_23,PE,Recife
4747,14747,6,122.08,2025-01-11,Vendedor_35,BA,Salvador
4748,14748,2,153.45,2025-03-09,Vendedor_29,RS,Pelotas
4749,14749,3,278.07,2025-04-07,Vendedor_19,PE,Petrolina
4750,14750,1,194.69,2025-07-25,Vendedor_31,RS,Porto Alegre
4751,14751,4,142.24,2025-05-14,Vendedor_31,SP,Sao Paulo
4752,14752,3,280.98,2025-02-06,Vendedor_17,RS,Caxias do Sul
4753,14753,6,266.54,2025-08-31,Vendedor_26,RJ,Niteroi
4754,14754,5,126.58,2025-04-05,Vendedor_17,SP,Campinas
4755,14755,6,182.5,2025-04-01,Vendedor_11,DF,Brasilia
4756,14756,5,245.61,2025-03-27,Vendedor_13,BA,Feira de Santana
4757,14757,5,106.46,2025-05-17,Vendedor_3,BA,Feira de Santana
4758,14758,6,191.45,2025-01-15,Vendedor_18,BA,Feira de Santana
4759,14759,6,159.46,2025-07-08,Vendedor_46,RJ,Niteroi
4760,14760,3,199.79,2025-05-11,Vendedor_37,MG,Uberlandia
4761,14761,1,190.35,2025-05-13,Vendedor_29,MG,Uberlandia
4762,14762,3,126.93,2025-03-23,Vendedor_28,SP,Campinas
4763,14763,3,225.74,2025-01-02,Vendedor_26,PR,Londrina
4764,14764,4,98.28,2025-07-30,Vendedor_35,PR,Curitiba
4765,14765,5,143.7,2025-04-17,Vendedor_26,MG,Uberlandia
4766,14766,1,140.97,2025-01-17,Vendedor_35,GO,Aparecida de Goiania
4767,14767,4,272.14,2025-07-04,Vendedor_35,RS,Pelotas
4768,14768,1,298.3,2025-04-24,Vendedor_29,GO,Goiania
4769,14769,5,124.42,2025-02-14,Vendedor_5,PR,Curitiba
4770,14770,4,208.53,2025-01-19,Vendedor_29,PE,Recife
4771,14771,2,264.81,2025-03-08,Vendedor_25,MG,Juiz de Fora
4772,14772,1,127.87,2025-01-23,Vendedor_32,PE,Recife
4773,14773,1,285.53,2025-07-07,Vendedor_19,SP,Sao Paulo
4774,14774,5,193.92,2025-06-24,Vendedor_38,PE,Olinda
4775,14775,1,297.17,2025-05-29,Vendedor_25,RS,Pelotas
4776,14776,3,254.44,2025-04-09,Vendedor_31,SP,Santos
4777,14777,3,197.67,2025-01-03,Vendedor_25,PR,Curitiba
4778,14778,4,163.25,2025-07-17,Vendedor_10,RS,Porto Alegre
4779,14779,2,255.17,2025-01-16,Vendedor_37,PE,Petrolina
4780,14780,4,213.69,2025-02-14,Vendedor_21,SP,Campinas
4781,14781,2,191.47,2025-03-20,Vendedor_8,DF,Brasilia
4782,14782,3,110.35,2025-02-12,Vendedor_40,PR,Londrina
4783,14783,3,216.46,2025-04-11,Vendedor_6,PE,Petrolina
4784,14784,5,213.04,2025-06-07,Vendedor_7,GO,Goiania
4785,14785,3,184.56,2025-07-20,Vendedor_30,DF,Brasilia
4786,14786,3,128.26,2025-03-02,Vendedor_45,MG,Belo Horizonte
4787,14787,6,144.01,2025-03-15,Vendedor_44,CE,Sobral
4788,14788,1,137.05,2025-07-10,Vendedor_24,CE,Sobral
4789,14789,5,161.75,2025-04-03,Vendedor_8,GO,Goiania
4790,14790,2,170.54,2025-05-20,Vendedor_8,DF,Brasilia
4791,14791,1,119.9,2025-07-07,Vendedor_31,PR,Maringa
4792,14792,6,198.2,2025-08-19,Vendedor_45,PE,Petrolina
4793,14793,1,244.48,2025-02-07,Vendedor_49,PR,Maringa
4794,14794,4,125.33,2025-04-09,Vendedor_41,MG,Juiz de Fora
4795,14795,5,294.15,2025-06-21,Vendedor_4,PR,Curitiba
4796,14796,4,120.0,2025-07-19,Vendedor_36,GO,Goiania
4797,14797,3,241.36,2025-05-04,Vendedor_45,MG,Belo Horizonte
4798,14798,3,229.08,2025-05-09,Vendedor_2,RS,Caxias do Sul
4799,14799,6,104.95,2025-04-16,Vendedor_41,MG,Belo Horizonte
4800,14800,6,276.17,2025-02-16,Vendedor_22,RS,Pelotas
4801,14801,2,190.86,2025-06-16,Vendedor_21,SP,Campinas
4802,14802,6,106.7,2025-05-07,Vendedor_35,DF,Brasilia
4803,14803,3,140.04,2025-01-09,Vendedor_39,MG,Uberlandia
4804,14804,1,147.61,2025-08-19,Vendedor_32,SP,Campinas
4805,14805,4,129.18,2025-06-03,Vendedor_5,DF,Brasilia
4806,14806,1,205.6,2025-07-28,Vendedor_1,DF,Brasilia
4807,14807,1,180.45,2025-06-19,Vendedor_31,GO,Aparecida de Goiania
4808,14808,5,129.24,2025-05-08,Vendedor_47,RS,Pelotas
4809,14809,6,211.82,2025-01-14,Vendedor_26,CE,Juazeiro do Norte
4810,14810,2,259.04,2025-03-06,Vendedor_26,RJ,Niteroi
4811,14811,6,269.83,2025-07-08,Vendedor_23,RS,Caxias do Sul
4812,14812,5,179.31,2025-03-15,Vendedor_41,PE,Olinda
4813,14813,6,289.01,2025-04-12,Vendedor_17,RS,Pelotas
4814,14814,5,120.4,2025-01-13,Vendedor_35,CE,Fortaleza
4815,14815,3,172.29,2025-07-02,Vendedor_19,RS,Caxias do Sul
4816,14816,3,187.88,2025-01-27,Vendedor_45,GO,Anapolis
4817,14817,5,173.73,2025-08-12,Vendedor_3,RS,Caxias do Sul
4818,14818,2,133.16,2025-04-12,Vendedor_48,BA,Feira de Santana
4819,14819,5,236.13,2025-08-24,Vendedor_5,PR,Maringa
4820,14820,6,99.09,2025-06-16,Vendedor_29,SP,Sao Paulo
4821,14821,1,210.58,2025-07-26,Vendedor_25,SP,Campinas
4822,14822,2,210.6,2025-01-30,Vendedor_28,RJ,Rio de Janeiro
4823,14823,1,124.74,2025-06-20,Vendedor_29,PR,Londrina
4824,14824,2,125.1,2025-05-16,Vendedor_43,PR,Curitiba
4825,14825,6,261.08,2025-08-09,Vendedor_35,RS,Porto Alegre
4826,14826,2,241.25,2025-08-08,Vendedor_49,BA,Salvador
4827,14827,3,183.98,2025-01-06,Vendedor_9,RJ,Volta Redonda
4828,14828,5,169.08,2025-08-22,Vendedor_10,RJ,Niteroi
4829,14829,1,254.35,2025-04-25,Vendedor_16,GO,Goiania
4830,14830,2,266.74,2025-04-25,Vendedor_31,CE,Juazeiro do Norte
4831,14831,1,232.85,2025-08-25,Vendedor_15,DF,Brasilia
4832,14832,1,110.01,2025-05-21,Vendedor_19,PE,Olinda
4833,14833,1,157.05,2025-02-17,Vendedor_43,RS,Pelotas
4834,14834,6,101.35,2025-06-14,Vendedor_46,MG,Juiz de Fora
4835,14835,6,244.47,2025-06-29,Vendedor_20,CE,Sobral
4836,14836,6,165.8,2025-04-13,Vendedor_48,DF,Brasilia
4837,14837,3,103.77,2025-05-20,Vendedor_39,BA,Salvador
4838,14838,1,247.4,2025-08-24,Vendedor_17,BA,Vitoria da Conquista
4839,14839,4,187.25,2025-04-13,Vendedor_19,BA,Salvador
4840,14840,1,206.41,2025-08-19,Vendedor_35,MG,Uberlandia
4841,14841,2,93.74,2025-07-27,Vendedor_43,DF,Brasilia
4842,14842,3,175.28,2025-06-18,Vendedor_36,PE,Olinda
4843,14843,3,123.88,2025-07-13,Vendedor_37,BA,Vitoria da Conquista
4844,14844,5,200.17,2025-05-30,Vendedor_37,MG,Uberlandia
4845,14845,6,211.89,2025-01-20,Vendedor_30,PE,Recife
4846,14846,1,186.53,2025-08-28,Vendedor_18,PE,Recife
4847,14847,6,116.69,2025-08-23,Vendedor_29,CE,Sobral
4848,14848,3,279.72,2025-02-17,Vendedor_42,PE,Petrolina
4849,14849,6,217.83,2025-05-02,Vendedor_25,PR,Maringa
4850,14850,3,141.95,2025-01-22,Vendedor_9,RJ,Volta Redonda
4851,14851,4,227.29,2025-05-27,Vendedor_36,PE,Petrolina
4852,14852,5,249.31,2025-03-07,Vendedor_35,RJ,Niteroi
4853,14853,2,209.29,2025-05-22,Vendedor_33,MG,Juiz de Fora
4854,14854,2,142.79,2025-01-04,Vendedor_4,PE,Olinda
4855,14855,5,262.7,2025-07-18,Vendedor_50,BA,Vitoria da Conquista
4856,14856,6,110.78,2025-08-02,Vendedor_25,GO,Anapolis
4857,14857,5,267.74,2025-02-15,Vendedor_39,GO,Aparecida de Goiania
4858,14858,2,88.67,2025-02-05,Vendedor_9,RS,Caxias do Sul
4859,14859,5,224.13,2025-03-06,Vendedor_50,DF,Brasilia
4860,14860,4,275.1,2025-06-06,Vendedor_2,SP,Santos
4861,14861,4,191.98,2025-08-16,Vendedor_40,CE,Sobral
4862,14862,2,247.95,2025-08-07,Vendedor_25,PE,Recife
4863,14863,1,226.57,2025-01-19,Vendedor_38,RJ,Rio de Janeiro
4864,14864,1,131.64,2025-01-29,Vendedor_14,BA,Feira de Santana
4865,14865,4,206.67,2025-05-21,Vendedor_19,RJ,Niteroi
4866,14866,6,142.48,2025-03-08,Vendedor_47,DF,Brasilia
4867,14867,3,296.21,2025-04-10,Vendedor_25,GO,Aparecida de Goiania
4868,14868,3,262.26,2025-04-27,Vendedor_39,RS,Pelotas
4869,14869,2,271.59,2025-07-09,Vendedor_49,BA,Vitoria da Conquista
4870,14870,1,294.54,2025-05-20,Vendedor_43,PE,Petrolina
4871,14871,2,99.96,2025-01-25,Vendedor_2,PE,Recife
4872,14872,1,134.53,2025-02-12,Vendedor_10,CE,Sobral
4873,14873,4,212.62,2025-03-21,Vendedor_43,SP,Sao Paulo
4874,14874,3,80.38,2025-05-19,Vendedor_3,RS,Caxias do Sul
4875,14875,1,112.11,2025-04-01,Vendedor_27,MG,Uberlandia
4876,14876,5,172.79,2025-02-10,Vendedor_41,GO,Goiania
4877,14877,5,241.7,2025-04-14,Vendedor_30,PR,Londrina
4878,14878,4,267.19,2025-04-07,Vendedor_35,SP,Santos
4879,14879,6,216.45,2025-05-11,Vendedor_18,PE,Olinda
4880,14880,2,106.89,2025-02-26,Vendedor_27,DF,Brasilia
4881,14881,6,103.7,2025-07-09,Vendedor_19,SP,Campinas
4882,14882,2,186.99,2025-04-15,Vendedor_17,SP,Sao Paulo
4883,14883,3,246.48,2025-08-02,Vendedor_4,PR,Londrina
4884,14884,6,99.93,2025-06-20,Vendedor_36,PE,Petrolina
4885,14885,5,129.97,2025-04-14,Vendedor_21,PE,Petrolina
4886,14886,5,166.39,2025-01-31,Vendedor_11,CE,Fortaleza
4887,14887,5,214.61,2025-06-15,Vendedor_16,RS,Porto Alegre
4888,14888,5,241.89,2025-08-11,Vendedor_18,DF,Brasilia
4889,14889,6,197.2,2025-06-02,Vendedor_17,RJ,Volta Redonda
4890,14890,1,170.65,2025-08-18,Vendedor_14,CE,Juazeiro do Norte
4891,14891,2,87.78,2025-03-31,Vendedor_14,DF,Brasilia
4892,14892,2,146.65,2025-07-10,Vendedor_41,GO,Anapolis
4893,14893,3,163.55,2025-07-25,Vendedor_34,SP,Sao Paulo
4894,14894,1,100.51,2025-04-13,Vendedor_40,CE,Sobral
4895,14895,1,180.94,2025-03-30,Vendedor_2,RS,Pelotas
4896,14896,1,215.87,2025-06-10,Vendedor_35,PE,Petrolina
4897,14897,5,233.7,2025-05-28,Vendedor_16,MG,Juiz de Fora
4898,14898,6,182.56,2025-05-18,Vendedor_36,RS,Caxias do Sul
4899,14899,2,106.85,2025-01-28,Vendedor_42,SP,Campinas
4900,14900,1,202.49,2025-04-19,Vendedor_28,RS,Porto Alegre
4901,14901,5,114.01,2025-01-18,Vendedor_12,SP,Sao Paulo
4902,14902,4,138.77,2025-01-24,Vendedor_42,CE,Fortaleza
4903,14903,6,109.23,2025-05-04,Vendedor_29,GO,Aparecida de Goiania
4904,14904,3,99.18,2025-02-14,Vendedor_9,SP,Sao Paulo
4905,14905,6,116.75,2025-03-22,Vendedor_19,RS,Porto Alegre
4906,14906,5,169.31,2025-04-22,Vendedor_4,BA,Feira de Santana
4907,14907,4,177.21,2025-05-26,Vendedor_10,GO,Aparecida de Goiania
4908,14908,4,218.33,2025-02-20,Vendedor_9,PE,Recife
4909,14909,6,103.91,2025-03-17,Vendedor_29,SP,Sao Paulo
4910,14910,4,149.84,2025-04-30,Vendedor_44,PR,Maringa
4911,14911,6,248.03,2025-05-03,Vendedor_26,BA,Salvador
4912,14912,1,273.91,2025-03-10,Vendedor_28,PE,Olinda
4913,14913,1,212.73,2025-08-03,Vendedor_24,SP,Sao Paulo
4914,14914,1,268.23,2025-07-21,Vendedor_31,SP,Campinas
4915,14915,6,166.49,2025-01-15,Vendedor_6,RS,Caxias do Sul
4916,14916,3,102.13,2025-03-14,Vendedor_35,CE,Sobral
4917,14917,3,229.34,2025-02-24,Vendedor_45,CE,Sobral
4918,14918,3,243.76,2025-04-12,Vendedor_13,RS,Pelotas
4919,14919,1,104.19,2025-07-20,Vendedor_41,PE,Recife
4920,14920,4,107.44,2025-01-29,Vendedor_36,BA,Vitoria da Conquista
4921,14921,4,80.3,2025-03-20,Vendedor_29,DF,Brasilia
4922,14922,5,218.24,2025-02-07,Vendedor_46,DF,Brasilia
4923,14923,5,157.48,2025-06-13,Vendedor_30,MG,Uberlandia
4924,14924,2,174.03,2025-06-17,Vendedor_14,GO,Goiania
4925,14925,3,93.8,2025-02-13,Vendedor_22,SP,Campinas
4926,14926,3,81.29,2025-01-22,Vendedor_28,BA,Feira de Santana
4927,14927,2,161.44,2025-08-31,Vendedor_15,BA,Vitoria da Conquista
4928,14928,2,229.89,2025-06-28,Vendedor_6,SP,Campinas
4929,14929,6,83.86,2025-08-15,Vendedor_40,DF,Brasilia
4930,14930,2,83.32,2025-08-19,Vendedor_42,RJ,Niteroi
4931,14931,6,103.53,2025-05-31,Vendedor_48,RS,Pelotas
4932,14932,5,287.18,2025-03-24,Vendedor_14,GO,Anapolis
4933,14933,2,252.14,2025-03-22,Vendedor_44,RS,Porto Alegre
4934,14934,5,138.73,2025-01-22,Vendedor_40,PR,Londrina
4935,14935,1,102.5,2025-06-15,Vendedor_28,GO,Anapolis
4936,14936,6,101.31,2025-01-02,Vendedor_30,SP,Campinas
4937,14937,6,155.84,2025-05-23,Vendedor_30,MG,Juiz de Fora
4938,14938,6,111.49,2025-08-14,Vendedor_1,CE,Juazeiro do Norte
4939,14939,5,130.4,2025-04-05,Vendedor_8,SP,Campinas
4940,14940,5,158.85,2025-03-16,Vendedor_23,RS,Caxias do Sul
4941,14941,5,178.35,2025-07-21,Vendedor_37,CE,Juazeiro do Norte
4942,14942,2,93.51,2025-03-09,Vendedor_13,SP,Santos
4943,14943,6,272.82,2025-08-13,Vendedor_45,DF,Brasilia
4944,14944,1,91.12,2025-08-08,Vendedor_24,SP,Santos
4945,14945,2,283.62,2025-08-30,Vendedor_22,PE,Olinda
4946,14946,1,135.02,2025-04-19,Vendedor_1,SP,Campinas
4947,14947,3,135.28,2025-04-12,Vendedor_4,BA,Feira de Santana
4948,14948,2,278.27,2025-04-18,Vendedor_45,PE,Petrolina
4949,14949,6,195.33,2025-03-13,Vendedor_20,SP,Campinas
4950,14950,1,141.35,2025-04-06,Vendedor_17,SP,Sao Paulo
4951,14951,4,195.04,2025-01-02,Vendedor_10,GO,Aparecida de Goiania
4952,14952,4,295.95,2025-06-13,Vendedor_49,RS,Pelotas
4953,14953,2,268.22,2025-01-10,Vendedor_17,CE,Juazeiro do Norte
4954,14954,2,129.55,2025-01-25,Vendedor_43,RJ,Niteroi
4955,14955,2,90.84,2025-07-11,Vendedor_18,CE,Juazeiro do Norte
4956,14956,3,249.83,2025-06-15,Vendedor_35,BA,Salvador
4957,14957,5,106.16,2025-08-05,Vendedor_20,DF,Brasilia
4958,14958,4,209.1,2025-01-19,Vendedor_13,CE,Juazeiro do Norte
4959,14959,5,220.38,2025-05-27,Vendedor_8,RS,Pelotas
4960,14960,3,135.85,2025-01-22,Vendedor_35,PE,Petrolina
4961,14961,6,204.78,2025-07-05,Vendedor_33,PR,Londrina
4962,14962,6,198.49,2025-08-28,Vendedor_19,CE,Sobral
4963,14963,2,233.65,2025-03-25,Vendedor_44,PR,Curitiba
4964,14964,1,278.15,2025-04-09,Vendedor_25,SP,Sao Paulo
4965,14965,6,109.24,2025-07-30,Vendedor_2,MG,Belo Horizonte
4966,14966,2,205.81,2025-01-01,Vendedor_6,RS,Caxias do Sul
4967,14967,4,199.96,2025-03-19,Vendedor_35,PR,Maringa
4968,14968,1,190.29,2025-06-30,Vendedor_2,BA,Vitoria da Conquista
4969,14969,5,165.95,2025-03-20,Vendedor_8,CE,Sobral
4970,14970,2,297.59,2025-04-23,Vendedor_8,BA,Vitoria da Conquista
4971,14971,6,242.34,2025-05-23,Vendedor_36,RJ,Niteroi
4972,14972,1,241.06,2025-03-16,Vendedor_46,RJ,Volta Redonda
4973,14973,2,241.15,2025-03-01,Vendedor_39,SP,Campinas
4974,14974,1,101.59,2025-04-28,Vendedor_42,SP,Santos
4975,14975,1,109.98,2025-02-26,Vendedor_36,PE,Recife
4976,14976,2,116.38,2025-08-03,Vendedor_21,RJ,Niteroi
4977,14977,6,155.58,2025-01-23,Vendedor_25,PE,Olinda
4978,14978,5,160.63,2025-07-09,Vendedor_34,PR,Maringa
4979,14979,3,136.64,2025-02-04,Vendedor_31,PR,Maringa
4980,14980,1,184.74,2025-03-06,Vendedor_17,BA,Vitoria da Conquista
4981,14981,4,243.39,2025-04-22,Vendedor_30,BA,Salvador
4982,14982,2,130.79,2025-04-25,Vendedor_18,MG,Belo Horizonte
4983,14983,1,117.25,2025-02-24,Vendedor_29,CE,Juazeiro do Norte
4984,14984,3,286.95,2025-05-15,Vendedor_46,PR,Londrina
4985,14985,1,111.97,2025-08-09,Vendedor_22,CE,Juazeiro do Norte
4986,14986,1,289.24,2025-06-11,Vendedor_37,DF,Brasilia
4987,14987,1,231.69,2025-02-19,Vendedor_19,BA,Salvador
4988,14988,3,219.28,2025-02-06,Vendedor_16,RJ,Niteroi
4989,14989,1,258.49,2025-08-28,Vendedor_4,MG,Uberlandia
4990,14990,3,95.24,2025-01-10,Vendedor_38,PR,Londrina
4991,14991,2,114.17,2025-02-13,Vendedor_36,PE,Petrolina
4992,14992,6,96.87,2025-08-02,Vendedor_1,CE,Fortaleza
4993,14993,3,236.94,2025-02-09,Vendedor_34,GO,Anapolis
4994,14994,5,94.41,2025-07-11,Vendedor_31,MG,Uberlandia
4995,14995,4,80.19,2025-07-23,Vendedor_35,SP,Sao Paulo
4996,14996,5,102.34,2025-08-25,Vendedor_45,PR,Maringa
4997,14997,4,102.53,2025-03-17,Vendedor_11,PE,Olinda
4998,14998,2,89.3,2025-07-11,Vendedor_18,MG,Juiz de Fora
4999,14999,1,167.83,2025-08-17,Vendedor_6,MG,Uberlandia
5000,15000,5,270.06,2025-07-08,Vendedor_44,BA,Feira de Santana
